62   1   4   3  56  10.0  36.40  121.40  3.0
62   1   5   7  40  54.6  37.73  122.22  2.8
62   1   9   8  27   5.8  37.07  121.17  2.6
62   1  15  12  45  54.2  36.80  121.50  2.5
62   1  24  15  13   5.5  37.83  122.25  3.7
62   1  29   0  55   2.7  37.32  121.72  2.5
62   1  29  20   8  17.5  37.77  122.53  2.6
62   1  31   3  17  21.3  36.55  121.22  3.9
62   2   1  17  41  38.0  36.80  121.50  2.7
62   2   1  22  12  39.5  36.72  121.38  2.5
62   2   4  11  43  34.1  36.42  121.27  3.2
62   2  11   6  56  12.2  36.58  121.23  2.5
62   2  11   8  14  41.5  36.58  121.22  2.7
62   2  11   9  53  11.8  36.57  121.23  3.4
62   2  11   9  54   8.0  36.60  121.20  3.0
62   2  11   9  55  20.0  36.57  121.23  3.1
62   2  28   4   0   8.0  36.80  121.10  3.1
62   3   7  17  52  49.9  37.48  121.83  2.9
62   3   8   2  14  45.2  37.92  122.02  2.6
62   3   9   8  39   2.0  38.33  122.62  3.0
62   3  10  19   2  29.9  37.37  121.77  3.1
62   3  17  21  38  44.5  37.82  121.88  4.1
62   3  23   8  46  18.0  37.67  122.57  3.1
62   3  24   3  38  41.8  36.20  119.78  3.4
62   4   1  10  40  43.6  36.87  121.67  3.0
62   4   2   3   6   3.2  36.25  120.10  3.7
62   4   2  16  41  56.8  37.04  121.51  3.5
62   4   5  11  16  59.3  36.60  121.22  3.0
62   4   7   7  19  37.5  37.28  121.92  3.5
62   4   7  23   0  29.9  36.70  121.03  2.7
62   4  12  19   3  49.2  36.83  121.65  2.6
62   4  14  19  37  37.0  38.35  122.60  3.0
62   4  15   8  41   2.3  36.42  120.62  4.7
62   4  22  21   2  19.1  36.83  121.48  2.7
62   4  23  22   0  52.0  36.93  121.45  2.8
62   4  29  20  11  54.6  36.78  121.60  2.7
62   5   9  18  59  18.8  36.65  120.70  2.7
62   6   2   3  57  16.2  37.43  121.82  3.1
62   6   7   4  20  58.9  37.27  121.72  3.8
62   6   7  16  40  25.1  37.13  121.32  2.8
62   6  11   8  10  20.5  37.27  121.72  2.8
62   6  17   4  57  27.6  37.40  121.75  2.6
62   6  24  15   3  50.1  38.47  122.17  2.7
62   6  27  22   7  24.5  36.90  121.68  2.9
62   7   5  19  50   2.1  37.15  121.60  2.7
62   7  11  20  32  47.3  37.23  121.63  2.6
62   8   2  11  14  57.1  36.70  121.20  3.1
62   8   5  10  58  26.3  36.88  122.30  2.7
62   8   7  10  43  59.5  36.62  121.28  2.5
62   8   8  14  13  44.2  36.62  121.30  2.6
62   8  22  21  38  40.7  36.77  121.62  3.2
62   8  22  21  42  57.6  36.78  121.57  2.7
62   8  23   1  42   4.8  36.82  121.67  2.6
62   9   3  10  55  44.0  36.80  121.58  3.1
62   9   3  17  53  33.1  36.47  121.07  2.6
62   9  11   1  34  31.0  36.03  121.23  3.3
62   9  11  11  12  32.5  37.88  122.05  2.8
62   9  14   0  49  49.9  36.63  121.78  3.0
62   9  14   2  56  48.1  36.77  121.67  3.0
62   9  17   7  16  34.3  36.58  121.88  2.6
62   9  21   5  37  13.5  37.75  122.60  2.5
62   9  26  10  19  30.6  36.90  121.73  3.6
62   9  27  13   5   8.1  37.48  121.90  2.9
62  10   1  14   4   5.6  36.62  121.28  3.2
62  10  13  17  49  39.5  36.35  120.42  3.7
62  10  18  18  50   7.1  36.75  121.53  3.4
62  10  23   1  21  39.2  36.97  121.63  2.5
62  11  10  12  50  20.5  36.63  120.67  3.0
62  11  13   3  32  33.0  36.67  121.42  2.6
62  11  25   0  43  35.1  38.42  122.28  2.7
62  11  26  16  58  18.4  37.80  122.27  2.5
62  11  26  18  46  24.9  37.30  121.70  2.6
62  11  28   3   3  41.8  36.73  121.02  3.6
62  11  28   3  20  56.2  36.72  121.02  2.5
62  11  28   3  23   7.9  36.72  121.02  3.6
62  11  29  22  43  59.0  37.12  121.65  2.7
62  12   1   3  31  56.2  36.67  121.05  2.7
62  12   5   5   2  26.6  36.78  121.68  2.8
62  12  12   1  48  25.9  36.55  121.07  2.7
62  12  15   0  40  20.9  36.47  120.63  2.9
62  12  19  16  47  18.4  36.53  121.08  2.9
62  12  24   0  16  23.4  36.85  121.78  3.7
63   1   3  14  15  17.1  37.99  122.07  2.5
63   1   9   4   3  29.2  36.55  121.23  2.7
63   1  13   4  29  51.8  36.93  121.64  2.5
63   1  26  13  40  28.8  36.61  121.25  2.8
63   1  29  17  19   6.9  36.94  121.64  2.7
63   1  31   8  23  13.3  37.51  121.94  3.3
63   1  31   8  58  42.9  37.52  121.94  2.7
63   1  31  21  53  25.8  36.67  121.26  3.0
63   2   2   4   9  23.2  36.58  121.33  3.4
63   2   2  13  58  20.1  36.74  121.59  3.7
63   2   3  12  36  41.5  36.80  121.60  2.5
63   2   4   8  23  52.0  36.58  121.29  2.8
63   2   6  19   8  22.8  37.45  121.54  2.6
63   2   8   9  44  24.1  36.63  121.48  3.6
63   2   8  15  16  56.9  36.85  121.40  2.6
63   2   9   4   8   1.4  36.75  121.48  3.2
63   2  11  15  53  57.6  36.73  121.74  3.1
63   2  11  19  48  54.9  37.44  121.80  3.3
63   2  12   3  44  30.9  36.50  121.32  2.6
63   2  12   8  50  42.7  37.84  122.22  2.7
63   2  14   8  25  35.4  36.98  121.64  2.5
63   2  14  15   5  49.5  36.51  121.45  2.7
63   2  15   1  21  40.9  36.55  121.38  2.8
63   2  22   0  23  42.5  36.59  121.32  2.8
63   3   4  18   1  25.5  36.68  121.34  2.5
63   3   5  21  17  49.0  36.53  121.19  2.6
63   3   7   7  33  47.7  37.90  121.98  2.5
63   3  12   9  19  36.3  36.61  120.42  2.6
63   3  14  17  42  17.4  36.61  121.28  3.2
63   3  14  17  49   3.0  36.60  121.34  3.3
63   3  14  17  57  34.8  36.61  121.32  3.4
63   3  15   5  18  46.9  36.61  121.33  2.7
63   3  19  18  30   5.0  36.94  121.75  3.0
63   3  26   2  39   2.1  36.67  121.27  2.5
63   4   1  10  14  34.6  36.84  121.61  2.5
63   4   1  15   7   4.1  36.83  121.64  2.8
63   4   2   0  57  29.0  38.02  121.92  2.7
63   4   2   2  18  11.2  36.80  121.66  2.7
63   4   2  21  40  28.9  36.84  121.62  2.7
63   4   3  11  41  55.1  36.82  121.64  2.6
63   4   7   0  23  34.5  36.81  121.57  2.6
63   4   7   1  56  19.1  36.58  120.67  2.9
63   4  10   1  38  56.8  36.42  121.05  2.9
63   4  11   0  46  33.3  36.75  120.70  2.9
63   4  11   4  57  18.3  36.63  121.30  2.8
63   4  11  14   2  31.8  36.20  120.87  2.9
63   4  17  19  16  31.9  36.98  121.64  2.6
63   4  18   1  50  35.5  36.87  120.99  2.5
63   4  20  16  37  33.0  36.38  120.96  3.0
63   5   6   3   4  28.8  36.64  121.34  3.7
63   5   7   0  35  46.5  37.09  121.53  2.9
63   5   7   7   7  48.0  36.86  121.65  4.4
63   5   9  12   0   9.4  36.74  121.47  2.7
63   5   9  12   4  19.9  36.74  121.52  3.4
63   5  10   2  23  57.3  36.82  121.63  2.5
63   5  10  10  17  57.1  36.37  120.98  2.5
63   5  10  12   6  35.8  37.08  121.58  3.0
63   5  11  22  53  45.0  36.82  121.59  3.2
63   5  12   0  56  19.9  36.82  121.57  3.1
63   5  12   3  45   9.4  37.70  122.54  2.6
63   5  13  21  28  21.8  36.60  120.62  2.6
63   5  15  10  38  43.0  36.55  121.17  3.2
63   5  20  19  57  51.7  37.70  121.77  3.4
63   5  22  10  18  29.2  36.80  121.61  2.7
63   5  22  22  41   4.8  37.27  122.31  4.6
63   5  23  19  43  46.0  36.79  121.60  2.8
63   5  23  22  50   2.6  37.29  122.26  2.6
63   5  23  23  32  46.4  37.27  122.31  3.1
63   5  25   8   4  20.3  37.04  121.75  3.4
63   5  25  23   7  47.7  37.50  121.87  2.5
63   5  30  20  26  39.4  36.58  121.25  3.5
63   6   7  12   4  42.2  37.97  122.04  3.9
63   7   8  12   8  39.2  36.59  121.25  2.8
63   7  11  17  59  13.0  36.72  121.04  2.5
63   7  13  13  25  54.1  36.95  121.70  2.7
63   7  16  18   0  25.9  36.86  121.59  2.8
63   7  16  18  17  54.6  36.86  121.61  3.6
63   7  17   7  43  54.3  36.64  121.60  2.8
63   7  24  18  42  54.8  37.28  121.65  2.7
63   7  25   2  48  46.1  36.71  121.01  2.6
63   7  26  11  29  15.4  36.65  121.31  3.2
63   7  31   5   8  46.0  36.85  121.38  2.7
63   7  31   6  45  53.4  36.84  121.39  3.9
63   8   4  17  35   3.6  37.61  122.56  4.0
63   8  10  14  32  24.9  37.86  122.27  2.7
63   8  12   1  50  42.7  36.81  121.25  2.8
63   8  16   8  12  13.6  36.06  121.01  3.2
63   8  21  20   1  42.1  37.44  121.73  2.5
63   8  23  13  23  54.5  36.70  121.20  2.7
63   8  25  13  22   8.5  37.51  121.69  3.1
63   8  31  16  31  14.2  36.76  121.58  4.2
63   8  31  16  35  17.0  36.79  121.54  2.6
63   8  31  16  35  34.1  36.78  121.61  3.0
63   8  31  16  37   7.6  36.73  121.60  2.7
63   8  31  17  12  26.7  36.76  121.58  2.7
63   9   1  15   5  59.2  36.96  121.68  3.0
63   9   3   1   8  16.9  36.75  121.53  3.0
63   9   4  10  26  31.4  36.93  121.67  3.0
63   9   6   3  54  34.0  36.22  121.48  2.6
63   9   6  22  58  32.3  36.74  121.61  2.5
63   9  13  13   5  35.2  36.79  121.53  2.6
63   9  14  19  46  17.0  36.87  121.63  5.4
63   9  14  19  58  40.9  36.92  121.66  3.1
63   9  14  20  28  11.2  36.92  121.65  4.6
63   9  14  22  46  41.0  36.90  121.63  2.5
63   9  15   3  49  54.7  36.86  121.68  2.5
63   9  15  10  48  31.0  36.33  120.27  3.0
63   9  17   1   1  48.0  36.61  121.16  2.6
63   9  19  12  16  28.3  36.89  121.64  2.9
63   9  19  18  36   5.0  37.00  121.62  2.6
63   9  21   4  32  45.2  37.26  121.67  3.8
63  10  12  14  18  30.0  36.84  121.66  3.1
63  10  15  23  25  51.1  36.76  121.54  2.6
63  10  25  11   7  47.5  37.74  122.56  2.6
63  11   9   0   5  59.8  36.78  121.55  2.8
63  11   9   1  31   3.2  36.78  121.55  2.9
63  11  18   9  31  48.7  36.54  121.35  2.9
63  11  18  10  54  45.4  36.38  120.32  2.7
63  11  19   3  33   9.2  36.42  121.03  2.9
63  11  21  12  43  48.4  37.10  122.30  3.4
63  11  21  19  25  43.4  37.84  121.97  2.6
63  11  29   1  35  53.2  36.76  121.60  3.2
63  11  29  20  49  36.0  36.79  121.59  3.6
63  12   1  17   1  26.5  36.59  121.17  2.5
63  12   4   6  18  26.6  36.79  121.53  2.6
63  12   7  12   4  11.6  38.50  122.70  2.7
63  12  14  12  42  44.7  37.37  121.81  2.6
64   1   7  20  25  37.6  37.53  121.93  2.6
64   1   9  16  20  17.5  37.68  121.55  3.0
64   1  12   7  48  14.2  37.66  121.72  2.6
64   1  24  11   9  20.9  36.73  121.64  3.2
64   1  25  19  36  30.2  36.75  121.60  2.6
64   1  29   1  14   2.3  36.81  121.62  2.9
64   1  29   7  29  38.1  38.37  122.31  2.7
64   2   8  22  48  55.4  36.60  121.30  2.5
64   2  10  11   6  20.3  36.79  121.64  2.5
64   2  11  15  24  57.8  36.58  120.81  2.6
64   2  15  22  28  42.0  36.92  121.46  2.7
64   2  26   9  50   0.5  37.69  122.16  2.5
64   2  27   8  37   2.6  36.92  121.69  3.3
64   3  13  22  29   0.8  37.28  121.66  2.7
64   3  16  14   6  24.7  36.84  121.71  2.7
64   3  20  13  15  51.0  36.40  121.03  2.6
64   4   3   6  35  51.7  36.75  121.50  3.1
64   4  26   8  29   0.7  36.79  121.66  3.1
64   4  26  21  36  52.9  36.63  120.77  2.7
64   4  26  21  37  41.9  36.62  120.79  2.6
64   4  28  15   1  48.3  36.23  121.08  2.8
64   5   5  13  25  29.2  36.55  121.15  3.3
64   5   6  15  58   6.9  36.83  121.58  2.8
64   5   7  17  53  58.3  36.43  120.54  2.5
64   5  13  12  18  37.2  36.55  121.16  4.0
64   5  13  12  44  26.0  36.56  121.15  2.7
64   5  24  16  50  39.1  37.82  122.61  2.7
64   5  24  20  12  23.2  36.83  121.69  3.2
64   6   2   1  37  36.5  37.24  121.72  2.9
64   6   6  12  14  43.9  36.73  121.51  2.6
64   6  13   0  42  56.7  37.83  122.30  3.4
64   6  13   8  21  47.9  36.80  121.59  3.0
64   7   2   9  29  52.6  36.53  121.11  2.7
64   7   2  12  31  15.9  36.83  121.10  2.8
64   7   9   0  45  42.7  36.94  121.66  2.9
64   7  11  13  48  21.3  37.97  122.04  2.8
64   7  14  11  17  19.8  36.81  121.65  2.7
64   7  16   8   5   2.5  37.06  121.68  3.2
64   7  17   8   5   0.4  37.07  121.65  3.1
64   7  23  21   2  55.1  36.64  121.33  2.7
64   7  24   7   9  35.9  36.47  121.18  2.9
64   8   4  22   7  28.9  36.52  121.23  3.2
64   8  29   0  39  50.5  37.39  121.79  3.0
64   8  30   3  41  10.4  36.29  121.94  2.9
64   8  31  17  10  19.1  36.98  121.48  2.5
64   9   1  19  49  16.5  36.87  121.67  3.8
64   9   1  19  52   6.3  36.88  121.67  2.6
64   9   1  22  33  29.4  36.83  121.65  3.0
64   9   2   1  58   6.4  36.83  121.64  2.7
64   9   3  13  56  59.3  36.83  121.66  3.0
64   9  12   1  45  53.5  36.08  120.49  3.1
64   9  18   4  35  39.5  36.58  121.22  2.7
64   9  18  14  35  14.9  37.06  121.04  3.0
64   9  23   0  36   0.3  37.28  121.70  2.9
64   9  30   8  33   2.2  36.68  121.30  3.1
64   9  30  16  11  44.0  37.75  122.25  2.9
64  10   1  12  30  16.8  36.75  121.54  2.7
64  10   2  16  34  39.5  36.95  121.63  2.6
64  10   8  15  32  24.2  37.16  121.13  3.2
64  10  17  23  43  22.6  36.21  120.92  3.3
64  10  24  10  50  27.4  36.60  121.25  2.5
64  11   3   2  23  56.8  36.78  121.33  3.1
64  11   8  13  45  51.1  36.34  121.32  3.1
64  11   9  10  43  23.8  36.61  121.33  2.9
64  11  16   2  46  41.7  37.06  121.69  5.0
64  11  16   2  55  40.5  37.07  121.68  2.7
64  11  16   5   9  13.6  37.37  121.67  2.5
64  11  19  20  47  40.1  37.04  121.70  3.2
64  11  23   4   8  13.3  37.29  121.23  2.7
64  11  23   9   5   8.0  37.04  121.72  3.5
64  11  25  12  49  41.8  36.21  120.78  2.8
64  11  28  15   7  49.7  36.88  121.42  2.7
64  11  30  20  44  48.9  36.88  121.67  3.0
64  11  30  21  16  18.2  36.87  121.70  3.7
64  12   2   7  50  35.3  37.08  121.68  2.7
64  12   3   7  20  45.9  37.06  121.49  2.7
64  12   5  13  55  57.5  36.02  121.08  2.6
64  12   8  15  49  16.2  36.97  121.49  2.9
64  12  22  19  56   9.8  36.83  121.63  2.5
64  12  24   3  11  56.7  37.77  122.12  2.6
64  12  24   3  13  14.3  37.72  122.19  2.9
64  12  27  12  45  45.2  36.68  121.37  2.7
64  12  27  18  58  59.4  36.46  121.06  2.6
64  12  30  16  35  49.5  36.78  121.55  2.6
65   1   1   9  56  51.3  36.84  121.66  2.5
65   1   1   9  58  59.7  36.82  121.66  2.6
65   1   1  10  47  36.5  36.86  121.63  2.7
65   1   1  12  16  32.0  36.83  121.69  3.1
65   1   2   0  50   1.2  36.84  121.64  2.8
65   1   7   2  59  37.7  36.82  121.71  2.7
65   1   7   3   0   3.9  36.84  121.63  2.9
65   1  10   2   0   9.5  36.58  121.27  3.3
65   1  13   4  20  48.2  36.45  120.58  2.6
65   1  14  10   9  32.5  36.52  120.79  2.9
65   1  26   8  38  16.4  36.04  120.26  3.1
65   1  29   1  27  20.6  37.78  122.28  3.2
65   1  29   1  40  51.0  36.83  121.37  3.3
65   1  29  12   9  45.0  36.85  121.66  3.0
65   2  10  10   0   4.3  36.81  121.62  2.8
65   2  14  19  45  31.7  36.51  121.14  2.8
65   2  17  18  54  13.3  36.55  121.21  2.7
65   2  19  13  12   6.0  37.00  121.72  2.5
65   2  22  17  57  11.8  36.77  120.88  3.8
65   2  26  17  24  58.5  37.26  121.61  2.5
65   3  28   2  32  21.0  36.20  120.40  3.5
65   3  29   8  42  59.6  36.84  121.68  2.8
65   4   6  10  31  59.1  36.80  121.97  3.3
65   4   6  11  23  10.4  36.83  122.11  2.5
65   4   8   1   5  40.6  36.03  121.40  3.0
65   4   8  21  41  12.0  36.97  121.46  2.8
65   4   9  12  50  19.3  36.03  120.64  3.0
65   4  11   1  19   7.4  37.81  122.21  2.7
65   4  11   5  41  56.6  36.51  121.15  3.5
65   4  13   3  58  52.4  36.50  121.23  2.7
65   4  14  23   0  44.3  36.72  121.61  2.5
65   4  18  15  45   9.3  36.89  121.56  2.8
65   4  30  22   8   8.3  36.72  121.63  2.6
65   5  30   0  21  48.1  36.79  121.61  2.5
65   6   1  13  45  21.0  36.81  121.56  2.6
65   6   7  15   6  47.6  36.50  121.13  2.5
65   6  10   2  58   0.   38.01  121.83  2.6
65   6  20   2  56  43.5  36.33  120.37  2.7
65   6  25   1   1   1.1  37.64  121.64  3.4
65   6  28  11  15  11.4  37.56  121.67  3.6
65   6  30  15  21  27.7  36.35  120.71  2.5
65   7   9   8  51   8.5  37.29  122.23  2.5
65   7  11   2  41  28.6  36.94  121.68  2.9
65   7  13  15  35  31.4  36.76  121.50  2.8
65   7  15   2  57   8.0  38.50  122.80  2.8
65   7  18  19   3  43.4  36.79  121.56  3.6
65   7  24  15  25  57.4  36.36  120.98  2.5
65   7  30  18  13  30.0  37.73  121.76  2.9
65   7  31   6  54  27.5  36.55  121.20  3.5
65   7  31  18  33  45.4  36.58  121.22  3.1
65   8   1   6  47  27.3  36.23  120.85  2.5
65   8   1  13  26  32.9  36.23  120.84  2.5
65   8   8  16  29   9.4  36.73  121.42  2.5
65   8  13   7  36   8.4  36.46  121.08  2.6
65   8  13  16  19  27.5  36.75  121.57  2.8
65   8  15  23   6  53.8  36.56  121.21  3.2
65   8  16   1  13  46.2  36.57  121.20  2.6
65   8  16  15  35  12.1  36.57  121.19  2.7
65   8  19  11   4   5.0  37.60  121.70  2.5
65   8  21  12  32  26.0  37.40  121.80  2.7
65   8  21  20   9  35.4  36.46  121.07  2.5
65   8  23   3  50  12.8  36.72  121.43  2.6
65   8  30  14   1   8.1  36.58  121.22  2.8
65   9   2   8   2  37.8  36.57  121.24  2.8
65   9   2   8  16  21.0  36.56  121.22  2.9
65   9   3  18  39  38.6  37.08  120.97  2.6
65   9   6   8  38  44.7  38.01  121.83  2.6
65   9   7   1  29  31.2  36.81  121.55  2.8
65   9  10  21  28  34.3  38.01  121.82  4.9
65   9  10  21  38  11.3  38.01  121.83  2.6
65   9  11   0   8  33.4  37.99  121.84  2.8
65   9  12   8  50   5.5  36.49  121.12  2.5
65   9  14   9   9  24.2  36.63  121.36  4.0
65   9  20   1  15  47.5  37.79  122.18  3.5
65   9  25   9  51  13.4  36.57  121.20  2.8
65   9  27  13  32  59.6  37.25  121.64  3.1
65   9  30  19   9  41.2  36.56  120.73  2.6
65  10  12  23  51  56.0  38.00  121.82  2.6
65  10  18  12  20   0.4  37.86  122.28  2.9
65  10  25   4  50  30.1  38.48  122.88  2.6
65  10  25  16  50   7.6  37.72  122.60  2.9
65  11   9   7  21  43.9  37.59  122.00  2.5
65  11   9  12  57  20.0  36.84  121.63  2.5
65  11   9  22  58  55.5  36.73  121.60  2.5
65  11  28  15   5  13.0  36.78  121.58  2.8
65  12   2  22  29  13.0  36.20  121.68  2.8
65  12   3  23  28  58.1  36.73  121.62  2.5
65  12  12   2  15  46.0  37.78  122.67  2.5
65  12  20  17  10  48.3  37.23  121.98  2.5
65  12  25  13  54  34.8  38.15  122.02  3.1
66   1   2   7  59  27.2  36.52  121.13  2.5
66   1   3  23  49  52.6  36.52  121.17  2.6
66   1   5   5  55   6.4  36.98  121.46  2.9
66   1   9   0   3  20.6  36.97  121.47  2.5
66   1   9   0   8   0.9  36.97  121.47  3.3
66   1  14   0  30  12.0  36.97  121.49  2.6
66   1  17   1  48   8.1  36.98  121.49  3.3
66   1  17   2   3  20.0  36.98  121.49  4.1
66   1  17   2  23  37.3  36.98  121.49  3.1
66   1  17   2  48  37.6  37.00  121.46  3.0
66   1  17   6  22  56.5  37.00  121.50  2.8
66   1  17  10  36  17.0  37.00  121.50  2.6
66   1  19  20   2  34.3  36.96  121.49  2.7
66   1  21   4  10  36.0  36.98  121.47  3.5
66   2   1   0  20  44.3  36.03  120.57  2.9
66   2   2  13   7  56.1  37.30  121.67  2.8
66   2   8   6  57   2.0  37.35  121.75  3.0
66   2  10  14  19  47.1  37.85  121.74  3.3
66   2  10  14  20   9.0  37.80  121.70  3.3
66   2  10  14  21   8.0  37.80  121.70  3.9
66   2  13  17  10  28.4  37.78  122.65  2.6
66   2  16   4  53  43.6  37.30  121.69  2.7
66   2  22   3  50  34.2  36.58  121.17  2.5
66   3   7  18  29  27.3  36.83  121.60  2.8
66   3   9   4  11  45.4  36.60  121.17  2.8
66   3  10  20  52  47.1  36.82  121.60  2.6
66   3  12  16  59  23.0  36.80  121.61  2.5
66   3  12  16  59  57.1  36.80  121.65  2.5
66   3  16  18  21   9.9  36.78  121.55  3.4
66   3  16  18  24   4.1  36.78  121.55  3.6
66   3  31  21  28  45.2  36.05  120.60  2.5
66   4   3  21  17  58.5  37.00  121.77  2.6
66   4   5  20  44  58.7  36.24  120.85  2.7
66   4   9  15  32  40.5  36.80  121.61  2.6
66   4  15  17  19  18.4  36.95  121.44  2.5
66   4  15  19  50  56.5  36.58  121.24  2.8
66   4  29   8   9  27.2  36.61  121.25  3.8
66   5   2  12  18  27.5  36.60  121.22  2.5
66   5   4   6  32  44.8  36.57  121.25  2.5
66   5   5  15   7  10.5  36.94  122.22  2.5
66   5  13  17  25  55.9  36.92  121.57  4.5
66   5  13  19  46   9.7  36.94  121.55  3.2
66   5  23   8   7  37.6  36.02  120.57  2.5
66   6   2  13  12  20.4  36.96  122.20  2.9
66   6   3  14  22  58.4  37.88  122.28  2.5
66   6   5  20  49  51.8  37.32  121.67  2.5
66   6   6   7  23  13.9  37.32  121.74  3.7
66   6  11  10   8  59.4  37.70  122.57  2.8
66   6  19  16   5  31.4  38.32  122.67  2.8
66   6  20  23  19  18.6  36.33  120.96  2.8
66   6  24  21  42  50.4  36.50  120.85  3.1
66   6  27   6   4  28.7  38.48  122.83  3.1
66   7   3   8  22  57.7  37.27  121.67  3.2
66   7  11  16  22  23.4  36.78  121.62  3.0
66   7  14  19  27  22.0  37.02  121.08  2.6
66   7  17   2  33  26.0  37.67  121.60  3.2
66   7  19  10  44  18.0  36.81  121.31  2.7
66   7  19  12  57  41.0  37.65  121.62  3.3
66   7  25  22  49  39.0  36.40  120.30  2.5
66   8   5   5  54  43.3  36.58  121.22  2.5
66   8  18  11  36  55.8  36.83  121.55  2.5
66   8  29  17  30  10.8  37.81  121.94  3.0
66   8  29  17  32  42.0  37.79  121.90  2.6
66   9  13   6  31  45.5  36.92  121.27  2.7
66   9  20   4  14  54.8  37.53  121.48  3.3
66   9  28   8  51  36.8  37.53  121.40  2.7
66   9  28   8  56   1.2  37.55  121.45  2.8
66  10   2  21  46  30.0  37.55  121.45  2.5
66  10  10   6  53  46.0  36.58  121.22  4.1
66  10  14  20  34  28.9  36.98  121.75  4.2
66  10  20   8   0  10.4  36.62  121.27  2.7
66  10  20  14  58  31.4  36.63  121.32  2.6
66  10  20  15  10  31.9  36.63  121.30  2.7
66  10  25  20  54  42.5  36.94  121.80  2.9
66  10  31  18  47  50.6  36.60  121.27  2.9
66  11   4   4  53  36.7  36.60  121.23  3.3
66  11   4  16  53  36.4  37.40  121.74  2.6
66  11  15   5  36  27.7  36.60  120.35  3.2
66  11  15   5  44  41.2  36.58  120.33  3.4
66  11  22  20  34   8.7  36.75  121.52  2.6
66  11  29  13   8  18.8  36.55  121.17  2.6
66  12   6  10  34  30.1  36.83  121.63  3.3
66  12  18   3  52  25.4  36.55  121.15  2.5
66  12  24  20  57   6.1  36.60  121.12  2.6
66  12  30  10  23  48.0  36.47  120.40  2.5
67   1  14   9  42  37.4  37.00  121.73  2.7
67   1  17  11  13  54.6  36.60  121.25  2.5
67   1  21   1  20   1.2  36.78  120.81  2.5
67   1  28   0   1  22.4  36.91  121.50  3.0
67   1  28   9  27  38.3  36.65  120.81  3.4
67   2   1  23  21  29.9  36.63  121.30  2.5
67   2   5   7  36  23.3  36.80  122.11  2.6
67   2   7  21  59  58.6  36.91  121.71  3.1
67   2   9  15  29  13.0  36.85  121.58  2.5
67   2  18   1  33  24.3  36.83  121.60  2.5
67   2  25   2   0  32.8  36.80  121.63  2.8
67   2  26  15  17  53.9  36.40  121.06  2.5
67   3   1  14   7  35.0  36.70  121.56  2.6
67   3  10   6  28  48.9  37.10  121.55  2.7
67   3  14   9  23  55.4  36.70  121.27  2.7
67   3  14  13  56   3.4  36.63  121.30  2.5
67   3  15  16  48  17.4  36.83  121.60  2.7
67   3  21   2  24  28.3  36.21  120.85  2.8
67   3  23  11  39  56.4  36.16  120.16  3.0
67   3  26   5  36  39.0  36.76  121.28  2.5
67   4   5  15  44  53.7  37.36  121.71  2.5
67   4   8   0  30  27.5  37.33  121.70  2.9
67   4  13   9   6  42.5  36.15  120.80  2.7
67   4  21  17   4  21.6  36.76  121.22  2.7
67   4  22  16  39  45.1  36.61  121.27  3.4
67   4  27   7  23   7.6  36.75  121.53  2.7
67   4  28   2  36  15.0  37.30  122.07  2.8
67   5  15  23  19   9.4  36.93  121.63  2.6
67   5  24   8  36  47.2  36.54  121.16  2.5
67   5  24  12  51  30.7  36.55  121.16  2.6
67   5  25   5  21  42.6  36.53  121.15  2.8
67   5  26  20  51  38.6  36.90  121.30  2.5
67   5  30   3  47  28.4  37.27  121.67  3.9
67   6  11  12  55  48.0  38.33  122.67  2.6
67   7   5  10  43   0.6  36.61  120.67  2.5
67   7   6   1   1   8.7  36.60  120.65  2.5
67   7  22   9  23  26.6  36.53  121.16  3.8
67   7  23  15  16  43.6  36.60  120.68  3.3
67   7  23  22  26  23.7  36.60  120.71  2.5
67   7  24   8  37  12.8  36.56  121.10  2.6
67   7  24  10  19  55.0  36.53  121.13  2.7
67   7  26   7  29  16.1  36.56  121.14  2.5
67   8   2   0  10  35.0  38.50  122.76  2.8
67   8   2   1  10  52.5  36.55  121.16  2.5
67   8   3   5  33  40.6  36.55  121.16  2.5
67   8   7  21   7  36.4  36.73  121.48  2.5
67   8   8  16  11  28.3  36.42  120.42  2.5
67   8   8  20   1  44.5  36.55  121.15  2.6
67   8  12  23  21   7.8  36.11  120.80  2.8
67   8  12  23  22   5.3  36.13  120.76  2.5
67   8  18  18  48  10.9  36.55  121.15  2.7
67   8  25  16  35  27.8  36.05  120.00  3.2
67   8  25  16  46  50.2  36.01  119.95  3.0
67   8  26  10  35   6.4  36.55  121.15  2.6
67   8  27  18   9  11.0  36.53  121.13  2.7
67   9   7  12  39  17.2  37.04  121.78  4.7
67   9  12  18  33  32.8  37.10  122.00  2.6
67   9  14  16  38  29.1  36.51  121.21  2.6
67   9  28  15  38  36.1  37.23  121.61  4.9
67   9  28  18  33  27.0  36.61  121.25  2.5
67   9  28  21   8  11.6  37.23  121.61  3.5
67  10   2  16  16  11.0  37.91  122.75  2.8
67  10  10   2  37  38.7  36.71  121.42  3.2
67  10  11  18  35  47.1  36.86  121.61  3.0
67  10  14  12   2  43.6  36.50  120.61  2.7
67  10  18  22  52  56.8  36.81  120.91  2.5
67  11   9   7  41  35.1  36.88  121.31  2.5
67  11  11  22  10   6.8  36.50  120.81  3.3
67  11  11  22  33  47.5  36.48  120.78  2.8
67  11  12   6  27  34.8  36.93  121.70  2.7
67  11  12   7  11  20.4  36.48  120.80  2.6
67  11  12  17   2  24.0  37.40  121.75  2.6
67  11  18  18   0  58.1  37.85  122.00  3.2
67  11  18  18  13   2.6  37.80  122.03  2.5
67  11  25  13   9  56.9  36.56  121.16  2.6
67  11  25  15  27  43.4  36.46  121.06  2.5
67  11  29   5  44   8.1  36.56  121.16  2.7
67  12   3  20  54  27.1  36.55  121.15  3.0
67  12   4  22  10  37.2  36.56  121.19  2.5
67  12   5   4  11  33.9  36.63  121.28  2.5
67  12   6  10   5  56.2  36.56  121.11  2.8
67  12   8  12  42   9.6  38.08  122.00  2.5
67  12  14  18  54  35.3  37.55  121.90  2.6
67  12  17  10   4  28.2  36.81  121.65  2.5
67  12  18  17  24  32.0  37.00  121.78  5.3
67  12  25   0  27   1.1  37.04  121.67  2.5
67  12  27  16   0  38.2  37.33  121.63  2.5
67  12  28  20  25  36.5  36.58  121.23  3.2
68   1  10   7  51  22.3  37.78  122.59  2.5
68   1  12  22  19  10.8  36.63  121.28  3.0
68   1  19  13  29  17.9  37.10  121.25  2.8
68   1  24  20  47  28.1  37.76  121.89  2.5
68   1  26  16  15   6.2  36.99  121.42  2.5
68   2   9  13  42  36.8  37.17  121.55  3.0
68   2  11  10  26  13.6  37.01  121.48  2.8
68   2  14   3  31   9.4  36.61  121.25  2.5
68   2  15  11   4  44.7  36.53  121.19  2.8
68   2  16   6  15  34.7  36.56  121.20  2.5
68   2  16  16  35  23.2  36.72  120.94  2.8
68   2  21  14  39  48.0  37.19  121.56  3.8
68   3   6   9  14   6.0  36.97  122.17  2.5
68   3  11  23  18  36.2  37.47  121.55  3.2
68   3  16  22  25  17.3  36.88  121.64  2.6
68   3  17  15   7   2.7  37.32  121.63  3.0
68   3  21  21  55   0.3  37.02  121.75  4.3
68   3  25  11  32   7.4  36.37  120.70  3.6
68   3  25  16  25  55.4  36.63  121.29  3.5
68   3  28   4  53  26.5  36.06  120.19  3.1
68   4  10   4  18  59.8  37.38  121.74  2.6
68   4  10   4  22  24.9  37.68  122.61  2.6
68   4  10   7  37  17.1  37.69  122.61  2.5
68   4  12  22  18  31.6  37.86  122.02  2.5
68   4  14   6  20  54.6  36.18  121.65  2.5
68   4  19  13  44  33.9  36.58  121.22  2.8
68   4  23  23  10  27.9  36.60  120.82  2.7
68   4  25   3  28   6.9  36.78  120.85  2.5
68   4  25  19  49  45.2  38.48  122.73  4.6
68   4  26   1   0   0.1  36.68  120.80  2.9
68   4  27  14  32  37.4  36.22  120.83  2.7
68   4  29  23  47  20.0  37.34  121.70  2.5
68   5   3  21  39  57.2  37.74  122.13  3.2
68   5   6  11  21  30.8  37.02  121.77  2.5
68   5   9  14  28  50.4  37.97  121.99  2.7
68   5  12   4  11  48.3  37.63  122.48  2.5
68   5  16  14  16  49.9  36.75  120.77  2.7
68   5  17   0  47  32.0  38.45  122.18  2.9
68   5  19  14   2  49.5  36.75  120.78  2.6
68   5  22  22  18  37.5  36.23  120.88  3.1
68   5  24  16   3  13.1  36.53  121.14  3.0
68   5  25  17  16  49.1  36.64  121.31  2.6
68   5  28  13  14  17.5  38.50  123.23  2.5
68   6   4  21  58  42.9  36.73  121.60  2.5
68   6   5  21  54  24.2  37.97  122.36  2.8
68   6   8  12  36  20.2  36.67  120.40  2.5
68   6   8  18  57  18.6  36.63  120.71  2.6
68   6  13   3  19  39.1  36.67  120.47  2.9
68   6  15  13  53  24.5  37.42  121.83  2.6
68   6  18   7  46  25.0  36.62  121.28  2.6
68   6  20   7  50  27.5  36.83  121.60  3.5
68   6  22  12  50  50.1  36.43  121.04  2.9
68   7   3  21  32  35.7  36.64  121.33  2.9
68   7  13   8  41  12.0  36.54  121.18  2.7
68   7  14  15  23  20.3  37.43  121.85  2.6
68   7  26  18  52  25.7  37.98  122.00  2.9
68   7  29   4  27  51.9  36.38  120.69  2.7
68   7  29   5  29  19.9  36.37  120.70  2.8
68   7  31   0  49  25.4  36.37  120.70  2.9
68   8   8  19  41  31.6  37.40  121.76  3.2
68   8  19  16  30  18.2  36.40  121.91  3.3
68   8  20   7  37  34.0  37.83  121.93  2.5
68   8  20  18  18  41.0  37.00  121.75  2.6
68   9   1  21  56  24.4  36.45  121.02  2.7
68   9   3   1  31   7.1  36.56  121.19  3.1
68   9  21   3  18  13.4  37.43  122.23  2.8
68   9  26  20   1  14.4  36.99  121.71  2.9
68  10   6   7  57   5.5  36.95  121.42  2.7
68  10  13   7  28  23.0  36.89  121.61  2.8
68  10  17   9  12   5.3  36.83  121.62  2.7
68  10  21  14  30  25.5  37.95  122.31  3.4
68  11   5   7  52  26.6  37.95  121.79  2.8
68  11   5  11   0  41.0  36.68  121.27  3.1
68  11   5  11   8  26.2  36.65  121.28  3.2
68  11   9  12  53  31.1  38.08  121.85  2.5
68  11  17   1   3  57.0  36.29  120.94  3.0
68  11  21   6  26  40.7  37.03  121.73  2.6
68  12  11  21  37  37.4  37.16  121.56  3.9
68  12  11  21  45  38.6  37.16  121.54  3.0
68  12  16   1  14  10.9  36.17  120.85  2.7
69   1   4  15  28  42.0  36.89  121.31  2.9
69   1   8  21  13  25.6  37.90  122.16  2.5
69   2   4   0  45  26.0  36.40  120.38  3.0
69   2  15  15  44  22.9  36.58  121.08  2.8
69   2  26  23  44  42.4  36.74  121.47  2.6
69   3   3  16  15  44.8  37.82  121.98  2.7
69   3   9  13  31  47.4  36.83  121.58  2.6
69   3  13   3  23  23.8  38.05  121.86  3.5
69   4   2  18  17   9.5  36.67  121.35  3.0
69   4  14   4  22  36.4  37.88  122.24  3.0
69   4  23  23  47  26.1  37.38  121.72  3.3
69   5   2   5   3  17.6  36.60  121.25  2.8
69   5   7   1  59  10.0  37.27  121.66  3.0
69   5   7   9  25  24.7  37.16  121.07  2.7
69   5  10  13   1  57.5  36.58  121.21  2.7
69   5  16  12  17   2.0  36.64  121.29  2.8
69   5  23  17  38  48.2  37.01  121.71  3.2
69   5  24  12  41  45.0  36.99  121.69  3.0
69   5  25  22  31  28.4  37.87  122.03  3.1
69   5  27  13  37  39.6  36.55  121.20  3.0
69   5  30   9  26  28.8  37.94  122.05  2.6
69   6   4  12  10  18.7  37.32  121.72  2.7
69   6  10   7   2  46.7  37.33  121.70  2.7
69   6  10   8  24  30.2  37.35  121.71  2.6
69   6  22   2   1  37.6  37.02  121.72  2.6
69   6  22   2  18  23.2  37.01  121.72  3.0
69   6  24  14  25  57.0  36.42  120.13  3.0
69   7  10  10  39  40.1  36.59  121.23  3.2
69   7  18   1  35  28.0  38.40  122.60  2.5
69   7  23  23  22  56.9  36.68  121.31  2.6
69   8   9  10  20  20.4  37.33  121.70  2.7
69   8  20   8  36  35.3  36.65  120.57  3.4
69   9   3   8  35  13.6  36.59  121.24  3.2
69   9   7  16  32  24.4  37.52  121.45  2.8
69   9   9  19  23  43.5  36.83  121.59  2.8
69   9  10   0   0  58.4  36.57  121.22  2.5
69   9  16   3  32  24.0  36.18  120.80  2.5
69  10   2   4  56  46.5  38.47  122.69  5.6
69  10   2   5  14  21.0  38.50  122.70  3.5
69  10   2   6   0  58.9  36.32  120.32  3.3
69  10   2   6  19  57.1  38.46  122.69  5.7
69  10   2   7  10   9.0  38.50  122.80  3.4
69  10   2  12  27   5.5  38.49  122.68  4.3
69  10   2  20  56  31.3  37.00  121.44  2.9
69  10   5   6  54  54.4  37.68  122.04  2.7
69  10   6  14  28   7.0  38.45  122.71  3.9
69  10  18  19  46  12.7  36.61  121.56  2.6
69  10  18  22   5  40.5  36.77  121.56  2.6
69  10  27  10  59  42.8  36.79  121.39  4.6
69  11   6  19  40  26.5  36.85  122.15  3.0
69  11  11   7  57  49.8  36.96  121.46  2.6
69  11  15  20  58   3.6  36.75  121.41  4.2
69  11  16  10  17  20.2  36.83  121.63  2.9
69  11  17  20  49  19.5  36.43  121.05  4.4
69  11  19   6  28  50.0  36.45  121.52  4.2
69  11  26   0   6  59.0  36.48  120.60  2.5
69  11  26  11  10  46.0  36.80  121.30  3.1
69  11  30  15  11  54.0  36.30  120.90  2.5
69  12   7  11  54  41.9  36.92  121.45  3.5
69  12  12   8   5  31.6  36.69  121.37  2.7
69  12  15   0  31  34.0  37.14  121.52  2.9
69  12  16   9   9  42.3  36.94  121.45  3.1
69  12  22   3   3  26.5  37.86  121.94  3.3
69  12  25  19  43  52.6  36.77  121.29  2.9
69  12  29  19  31  11.4  37.77  121.71  3.8
70   1   1  20  57  48.0  36.73  121.42  3.2
70   1   3   2  51  58.4  37.30  122.09  3.7
70   1   3   2  53  17.3  37.30  122.09  2.7
70   1   4  23  13   0.6  37.13  121.52  3.4
70   1   5   3  46  52.0  37.85  121.96  2.5
70   1   5  17  31  12.2  37.52  121.84  3.3
70   1   6   2  29   7.5  36.53  121.12  4.0
70   1   6   2  56   6.5  36.53  121.12  2.8
70   1   6   8  34  55.0  37.54  121.87  2.8
70   1  22  13  58   6.3  37.99  121.99  2.6
70   1  26  13  57  58.3  36.54  121.19  2.5
70   1  30   2  49  12.9  36.11  120.99  2.5
70   2   1  21  19  45.7  36.41  121.03  2.6
70   2   4  16  22  32.3  36.99  121.73  2.5
70   2   8   0  14  13.3  36.40  120.97  2.7
70   2   9   5  23  47.9  36.79  121.56  2.9
70   2  11   2   6   5.8  36.63  121.30  2.7
70   2  14   0  31  59.1  36.89  121.65  3.0
70   2  14  15  44  58.0  36.09  120.64  2.8
70   2  27   4   1  32.1  36.57  121.21  3.0
70   2  27   4   2  41.5  36.57  121.22  2.6
70   2  28   2   5   0.1  37.81  121.93  2.9
70   3   7  14  12  16.5  37.23  121.61  2.8
70   3  15   6  14  44.3  36.53  121.14  2.5
70   3  27   6  56  53.5  36.81  121.60  3.2
70   3  27  16   8  12.4  36.82  121.57  3.1
70   3  27  17  27  25.0  36.82  121.57  2.7
70   3  29  17  35  11.8  36.98  121.47  2.5
70   3  30  13  28  45.5  37.31  121.68  2.7
70   3  31   5   1  35.2  36.87  121.63  2.5
70   3  31   7   2  28.6  36.86  121.42  4.7
70   4  18  13  16  53.4  36.49  120.01  3.0
70   4  19  23  43  33.5  36.58  121.21  2.7
70   4  20   0  31   8.3  38.50  122.78  2.8
70   5   8  10  59  57.7  36.59  120.41  3.3
70   5  13   4  24  22.6  36.60  121.17  2.6
70   5  14   7  57   2.0  37.10  121.13  2.5
70   5  19   3  58  33.0  36.55  120.33  2.5
70   5  20   5  18  49.2  36.59  120.36  3.4
70   5  22  10  39  58.0  37.84  121.93  2.7
70   5  24  23   9   3.6  38.46  122.16  2.6
70   5  24  23  10  41.5  38.46  122.16  2.6
70   5  25   0  42  41.7  37.81  121.95  2.8
70   5  25   8  13  33.2  37.80  121.95  2.7
70   5  25  18  42  29.6  37.81  121.94  2.7
70   5  25  18  43   0.7  37.81  121.95  2.9
70   5  26  22  10  24.2  37.80  121.94  3.0
70   5  26  22  10  35.2  37.80  121.94  3.5
70   5  26  22  19  55.6  37.80  121.94  2.5
70   5  26  23   6  44.1  37.82  121.93  2.8
70   5  26  23  33  39.9  37.80  121.95  3.8
70   5  27  19  43  29.8  36.85  121.63  3.0
70   5  28   2  47   5.6  37.81  121.95  2.6
70   5  29   2  53   8.3  37.82  121.95  3.4
70   5  29   2  55  49.5  37.80  121.94  3.5
70   5  29   3  13  15.8  37.82  121.93  3.1
70   6   8   8   1  32.8  36.87  122.58  2.7
70   6  11  23  32  56.2  37.79  121.94  3.4
70   6  11  23  39  49.7  37.80  121.94  3.0
70   6  11  23  48  35.7  37.78  121.94  2.6
70   6  12   0  39  25.0  37.82  121.94  3.3
70   6  12   3  30   4.0  37.80  121.93  4.3
70   6  12   3  30  55.0  37.80  121.93  3.9
70   6  12   3  33  48.8  37.78  121.94  2.6
70   6  12   3  57  49.6  37.79  121.93  2.7
70   6  12   4   6   0.2  37.81  121.92  2.8
70   6  12   6  34   1.4  37.80  121.93  3.1
70   6  12  10  37  19.2  37.13  121.52  3.0
70   6  12  16   3  32.1  37.81  121.94  4.2
70   6  12  16  10  51.4  37.80  121.93  3.2
70   6  12  17  10  50.7  37.81  121.95  2.6
70   6  12  18   0  49.6  37.80  121.93  2.6
70   6  12  22  54  39.3  37.85  121.95  3.1
70   6  14   9  11   9.8  37.81  121.95  2.7
70   6  14   9  18  10.2  37.81  121.94  3.0
70   6  20   9  19   8.3  37.12  121.53  2.9
70   6  27   7   3  59.5  36.76  121.38  3.2
70   6  28  21  19  21.3  37.81  121.95  2.5
70   7   4  11  31  55.0  36.97  121.63  2.7
70   7   5   5  27  54.0  37.81  121.93  2.6
70   7   5   5  28  47.1  37.81  121.94  2.9
70   7  11  19   1   4.2  37.13  122.03  3.4
70   7  14  18   8  42.4  36.51  120.41  3.0
70   7  22  19  28  59.2  36.85  121.61  2.8
70   7  24  18  50  29.9  37.82  121.93  2.7
70   7  31  14  13  20.9  36.58  121.33  3.1
70   7  31  15   4   4.5  38.29  122.12  2.8
70   8   4   4  14  21.4  36.65  122.19  4.7
70   8   4   4  44   6.7  36.71  122.07  3.2
70   8   5  16  51  45.7  36.23  121.69  3.0
70   8  13   5   6  19.8  36.17  121.70  3.7
70   8  16  16  29   5.2  36.63  121.30  3.5
70   8  21   3  22  38.6  37.88  122.26  2.5
70   8  23  17  53  47.4  36.71  122.10  3.4
70   8  30  13  16  50.9  36.91  121.49  3.6
70   8  31  12  12  58.7  38.11  121.95  3.6
70   9   2   2  25  35.6  36.80  121.56  3.3
70   9   5  11  29  11.0  36.20  120.10  3.1
70   9   5  22  15  56.1  37.22  121.65  2.5
70   9   8   8   9   6.8  36.81  121.62  2.7
70   9  10  23  45  59.0  36.40  120.50  3.2
70   9  16   4  24  12.8  37.09  121.09  2.5
70   9  18   0  36  56.3  37.65  122.04  2.7
70   9  18   2  29  49.9  37.72  122.54  2.5
70   9  18   9  34  12.9  36.94  121.60  3.1
70   9  22  23  59  47.6  37.43  121.79  2.7
70   9  23   4  51  27.9  37.40  122.22  3.5
70   9  23   8  38   4.1  37.87  121.91  2.7
70   9  25  19  58  30.2  37.81  121.92  2.9
70   9  26   0  44  26.6  37.84  121.91  2.8
70  10   1   7  37  44.1  36.63  121.29  3.2
70  10   7  17  57   6.3  36.30  121.40  2.5
70  10   8  17  29  18.5  36.78  121.61  3.0
70  10  10  10  31  41.6  36.78  121.55  2.5
70  10  17   8  17   1.6  36.65  121.33  2.8
70  10  17  11  41  25.0  36.80  121.58  2.8
70  11   2  23  21  13.1  36.66  121.31  2.5
70  11   3   5  25  50.4  36.82  121.58  3.2
70  11   7  13  45   8.5  37.84  121.93  2.7
70  11   9   0  52   6.0  36.80  121.59  3.1
70  11   9   1  18  12.6  36.85  121.53  2.6
70  11   9  11  37  22.1  36.57  121.12  3.0
70  11   9  13  35  52.1  36.96  121.61  3.5
70  11  10  11  19  39.3  37.72  122.58  2.6
70  11  12  21  10  22.9  37.84  121.97  2.7
70  11  14  18   3  58.6  36.57  121.21  3.3
70  11  15   0  36  20.3  36.85  121.60  2.6
70  11  15  18  19  32.4  36.59  121.23  3.4
70  11  16  14  52   8.6  36.94  121.59  2.7
70  11  25  11  41  52.0  36.17  120.56  2.5
70  11  26   6  37  16.1  36.64  121.20  2.7
70  12  11   3  56  48.6  36.58  121.14  2.5
70  12  11  11  33   0.4  36.58  121.23  2.7
70  12  18  17   0  14.0  36.81  121.56  2.8
70  12  31  14  56  35.0  36.87  120.90  2.9
71   1   8   5  31  37.6  36.52  121.15  2.7
71   1  13  17  36  44.4  36.44  121.03  2.8
71   1  18  23  31  19.4  36.96  121.62  2.7
71   1  21  13  11  43.6  36.85  121.63  3.1
71   1  24   1  41   3.9  36.85  121.61  2.6
71   1  25  13  32  28.0  36.63  120.82  2.5
71   1  25  14  22  38.0  36.63  120.83  2.5
71   1  25  15  49  21.3  37.16  121.50  2.5
71   1  31   1  33  59.9  36.46  121.08  2.5
71   1  31  21  42  35.5  37.16  121.55  2.9
71   2   5  20  50  34.6  38.33  122.04  2.8
71   2   9   2   7   1.4  36.62  121.30  2.8
71   2  13  18  18  11.3  36.64  121.33  2.7
71   2  15  23  39  44.0  36.64  121.33  2.8
71   2  22  20  39  13.2  37.09  121.98  2.8
71   3   2  14  16  20.7  36.35  120.95  2.6
71   3   7   3  20  18.8  36.83  121.60  2.9
71   3   8  18  31  46.5  36.79  122.14  4.1
71   3   9  15  35  16.2  36.80  122.15  4.6
71   3  10   9  15  42.7  36.78  122.13  2.8
71   3  23  19   2  53.2  37.53  121.28  2.5
71   3  25   6   1  42.6  37.99  122.02  2.7
71   3  26   1   2  40.1  36.81  122.11  2.7
71   3  28   2   4  58.4  36.61  121.27  2.8
71   3  31  17   3  36.1  37.67  122.53  3.2
71   4   1   2  53  24.7  37.25  121.60  2.8
71   4   5   1  40  34.2  36.41  120.98  3.0
71   4   6   5  29  30.7  37.02  121.07  2.9
71   4  12   1   8   1.7  36.64  121.31  2.6
71   4  16  12  58  31.7  36.80  122.18  4.5
71   4  19   9  35  58.8  36.23  120.84  3.0
71   4  29   2  13  15.7  36.51  120.54  3.0
71   5   7  16  48   9.7  36.62  121.28  3.1
71   5  10   0  52   1.8  37.88  122.27  2.8
71   5  13   1  39  13.5  37.86  122.26  2.8
71   5  13  23   4   8.5  37.19  121.58  2.9
71   5  15  17  54   9.6  36.47  121.10  2.5
71   6   1  17  12  53.9  37.47  121.71  2.7
71   6   8  21  43  17.5  37.60  122.02  3.2
71   6  15   3  32  14.9  36.95  121.60  2.7
71   6  15  12  22  21.3  38.15  122.04  2.9
71   6  19   8  17  58.5  36.94  121.64  3.7
71   6  19  10  51  57.3  36.94  121.44  2.9
71   6  26  13  58  12.4  37.63  122.52  2.7
71   7   8   5  34   0.9  36.87  121.63  3.2
71   7   8   7   4  12.4  36.87  121.59  2.9
71   7  21   7  56  39.2  36.24  120.82  2.6
71   7  21   9  14  26.2  36.23  120.85  3.2
71   7  21   9  33  21.3  36.24  120.84  2.9
71   7  25   1  28  49.7  36.79  121.56  2.6
71   7  25   9  13  28.9  37.69  122.51  3.4
71   7  26  22  36  54.8  36.60  120.57  2.6
71   7  28   8  25  18.3  36.02  120.89  2.8
71   7  30  23  36   5.8  37.28  121.65  2.8
71   8   2  14  40   5.6  38.37  122.63  2.6
71   8   6   9  38  40.5  37.73  121.79  2.7
71   8   6  20   3  16.3  36.01  120.04  3.0
71   8   8   9  17  36.4  37.26  121.63  2.8
71   8  18   4   1  36.5  37.84  121.96  2.9
71   9   2   3  40  17.6  36.94  120.71  2.5
71   9   4  13  28  40.3  36.95  121.62  2.8
71   9  17  18  43  34.1  37.86  122.26  2.8
71   9  17  21  34  35.6  37.86  122.25  2.7
71   9  23  19  20   9.9  36.55  121.19  2.6
71   9  29  21   1  42.3  37.90  121.99  2.5
71   9  30   1  58  48.7  37.91  121.96  2.9
71  10   2  19  38  55.8  36.10  120.19  3.8
71  10  12   8   3   2.4  36.08  120.08  2.6
71  10  12   8   8  33.0  36.57  121.21  2.5
71  10  13   3  22  58.3  36.57  121.19  2.6
71  10  13  17  41   5.8  38.33  122.65  3.5
71  10  16  11  20   2.8  36.08  120.17  2.8
71  10  20  23  11  24.4  36.90  121.26  2.7
71  10  21   3  50  10.7  36.85  121.45  2.5
71  10  30  13  45  23.0  36.11  121.23  2.8
71  10  31  10  13  12.6  37.55  122.42  2.5
71  11   1  14  22   3.0  36.57  121.20  3.2
71  11   6  11   4   1.8  36.92  121.25  2.6
71  11   7   0  14  40.9  37.39  121.60  2.7
71  11  15  14  16  21.6  36.63  121.31  3.0
71  11  18   4   3  52.4  36.24  120.84  3.4
71  11  24  14  27  56.5  36.97  121.45  2.5
71  11  30   9  45  42.8  36.06  119.89  3.0
71  12   6  14  31  49.3  36.48  121.03  2.7
71  12  11  21  35  12.4  37.76  122.15  3.4
71  12  12   5  53  36.9  37.76  122.15  3.1
71  12  17   4   0   4.7  36.47  121.05  2.6
71  12  19  10  45  44.8  36.67  121.35  2.6
71  12  19  14  12  53.7  36.67  121.35  3.2
71  12  20   8  34  40.0  36.67  121.37  3.6
71  12  20  11  25  29.9  36.67  121.36  2.9
71  12  20  18   0   9.4  37.26  121.63  2.8
71  12  20  18   5   2.6  36.67  121.35  2.8
71  12  20  21  26  41.1  36.67  121.35  2.6
71  12  25  18  25  44.6  36.91  121.48  2.7
71  12  28  22  33  52.9  36.68  121.37  3.7
71  12  28  22  35  16.8  36.70  121.34  3.4
71  12  28  22  38  55.4  36.68  121.37  3.1
71  12  28  22  57   4.0  36.69  121.36  2.8
71  12  29   0  25  35.6  36.67  121.36  3.9
71  12  29   0  26  45.3  36.71  121.34  3.2
71  12  29   1   6  30.7  36.68  121.36  2.6
71  12  29   1  35  36.3  36.68  121.37  2.7
71  12  29   1  37  13.6  36.68  121.37  3.7
71  12  30   7  35  27.8  36.70  121.36  2.8
72   1  12  15  33  26.2  36.18  120.80  2.9
72   1  18  13  22   6.0  36.95  121.44  3.3
72   1  18  13  31   7.8  36.95  121.43  2.8
72   2   3   2  17  55.8  36.22  120.85  2.9
72   2   4  11   4  32.6  36.44  120.68  2.5
72   2   6  17  52  13.6  36.80  121.57  3.2
72   2   7  20  49  28.0  37.25  121.64  3.3
72   2   9   1  40  52.6  37.05  121.47  3.0
72   2  13  15  18  45.6  37.75  122.15  3.2
72   2  15   8  56  33.1  36.09  120.12  2.8
72   2  18   5  55   3.4  36.75  121.52  3.4
72   2  22   5  27  12.7  36.55  121.13  3.4
72   2  22   5  41  58.3  36.55  121.12  3.5
72   2  22  15  44   9.7  36.53  121.12  3.2
72   2  24  15  56  16.6  36.60  121.20  3.2
72   2  24  15  56  51.3  36.59  121.20  5.1
72   2  24  16   8  39.0  36.60  121.20  2.7
72   2  24  16  49  25.6  36.59  121.19  3.0
72   2  24  17  40   6.8  36.63  121.24  2.9
72   2  24  17  50  51.9  36.54  121.11  2.6
72   2  24  18   2  48.2  36.63  121.24  3.4
72   2  24  18  21  50.6  36.63  121.24  2.9
72   2  24  18  27  18.6  36.60  121.21  2.5
72   2  24  18  33  56.7  36.63  121.24  2.6
72   2  24  19  43  40.6  36.61  121.22  2.8
72   2  24  20  21  48.7  36.62  121.23  3.6
72   2  24  22  39   2.7  36.61  121.22  2.7
72   2  24  23  12  44.5  36.59  121.19  2.9
72   2  25   3   0  42.8  36.63  121.24  2.5
72   2  25   3   4  45.2  36.62  121.23  2.9
72   2  25  11  48  30.2  36.63  121.24  3.0
72   2  26  19  36  36.0  36.64  121.24  2.9
72   2  27  16  15  26.9  36.63  121.25  2.9
72   2  27  16  56  29.0  36.61  121.21  2.6
72   2  27  19  52  44.9  36.64  121.24  3.4
72   2  27  21   0  18.4  36.55  121.10  2.9
72   2  27  22  13   8.6  36.55  121.09  4.7
72   2  29  21  32  23.4  36.54  121.11  2.5
72   2  29  22  31  58.2  36.60  121.20  2.5
72   3   1  11  39  58.7  36.55  121.12  3.8
72   3   1  16  12  23.9  36.60  121.22  3.6
72   3   1  19  53   1.5  36.54  121.11  2.5
72   3   3  12  55  20.0  36.62  121.23  2.6
72   3   4   5  57  26.6  36.55  121.10  3.5
72   3  13   5  36  13.0  36.68  121.31  3.3
72   3  14  20  34  31.3  36.92  121.70  3.3
72   3  14  22  28   7.5  36.92  121.70  3.3
72   3  21  15  41  36.1  36.55  121.10  2.9
72   3  22   6  24  43.8  36.59  121.20  3.1
72   3  23   3  45  29.6  37.38  122.26  3.2
72   3  25   7   3   7.3  36.60  121.20  2.6
72   4   2   5  32  57.6  36.61  121.22  2.7
72   4   6  19  20   3.0  36.42  120.97  2.7
72   4   7   8   7  24.6  36.57  121.17  3.0
72   4   7   8  47  45.4  36.57  121.17  2.7
72   4   7  17  26   2.8  37.57  121.83  2.9
72   4   8  11  57  57.1  36.21  120.84  2.5
72   4  13  22  44  13.0  36.35  120.38  2.5
72   4  23   2  37  23.7  36.92  121.53  2.5
72   4  30  19  29  11.4  36.90  121.25  3.2
72   5   2  12  27  10.0  36.59  121.19  2.6
72   5   5  20  39  31.6  36.60  121.21  2.6
72   5   6  12  15  46.5  36.22  120.83  2.6
72   5   9  22  31  15.0  36.81  121.60  3.1
72   5  10   0   6  34.9  37.45  121.70  2.8
72   5  10  19  49  36.5  38.50  122.71  2.6
72   5  10  20  31   6.0  36.78  120.85  3.3
72   5  13  21   8  27.5  36.55  121.07  2.7
72   5  30   2  54  46.3  37.56  121.81  2.6
72   6   3   8  19  53.3  36.67  121.28  2.8
72   6   4   1   3  35.9  36.67  121.28  2.8
72   6   5  23  18  36.0  37.38  121.75  2.5
72   6  24   0  52  17.9  37.54  121.95  3.0
72   6  29   5   5  53.9  37.90  121.65  2.5
72   7   3  12  15  36.7  36.79  121.52  2.6
72   7   3  12  38  54.2  36.56  121.15  2.8
72   7   7   9  38  55.0  36.57  121.17  2.5
72   7   7  10  52  43.5  36.56  121.09  3.1
72   7   7  15  27  13.2  36.56  121.07  2.5
72   7  19  23   3  41.3  36.60  121.22  3.0
72   7  19  23  20  12.2  36.61  121.22  2.8
72   7  21   2  52  35.0  36.40  120.76  2.6
72   7  23   9  27  51.2  36.53  121.12  2.8
72   7  24   6  53   3.6  36.40  121.01  3.1
72   7  30  20  21  50.1  36.54  121.10  3.1
72   7  31   1   3  47.8  36.61  121.22  3.1
72   8  10   4  30  57.2  36.85  121.60  2.6
72   8  14  10  54  50.4  37.88  122.30  2.5
72   8  23  22   3  35.4  37.97  121.75  3.0
72   8  24  14  26  13.7  36.56  121.06  2.5
72   8  25  14  26  21.0  37.37  121.73  2.6
72   8  27   4  54  43.9  37.25  121.65  3.0
72   8  30  20  26  40.2  36.53  121.11  2.5
72   9   1   6  18  54.0  36.66  121.28  2.8
72   9   2  22  40  14.0  36.88  121.62  2.6
72   9   4  18   4  40.9  36.64  121.26  4.7
72   9   4  18  19  16.1  36.65  121.27  2.8
72   9   4  18  38  20.1  36.64  121.26  3.0
72   9   4  19  58  33.0  36.65  121.27  2.9
72   9   5   0  37   2.5  36.64  121.23  2.6
72   9   5   1  52  54.3  36.52  121.27  2.6
72   9   6   2  29  47.7  36.63  121.24  2.8
72   9   6  15   5  59.5  36.71  121.35  3.1
72   9   7  20  50  28.3  36.64  121.26  2.8
72   9  14  19  33  10.4  36.61  121.22  3.0
72   9  23  10  35   9.2  36.80  121.53  2.9
72   9  23  10  45   4.8  36.82  121.53  3.5
72   9  23  10  48  12.3  36.82  121.53  3.5
72   9  23  10  56  25.5  36.80  121.53  4.0
72   9  23  15   7  48.2  36.80  121.53  4.1
72   9  25   7   8  19.6  36.64  121.28  2.5
72   9  27   4  18  51.5  36.64  121.28  3.0
72   9  27  10  51  38.9  36.65  121.28  2.7
72   9  29   9  46   9.1  37.92  121.98  3.2
72  10   3   5  59  38.5  36.80  121.53  2.9
72  10   3   6  30   2.2  36.80  121.53  4.8
72  10   3  11  10  13.4  36.80  121.58  4.1
72  10   4   8  41   5.8  36.82  121.57  3.0
72  10  12  22  57  34.8  36.80  121.57  2.9
72  10  26  19  34  53.5  36.93  120.98  2.5
72  10  30  16  51  55.9  36.96  121.66  2.7
72  10  31  15  54  17.3  37.22  121.72  3.4
72  11   9  17  13  42.3  36.55  121.11  2.7
72  11   9  23  33  43.3  36.62  121.23  2.5
72  11  13  23  10   0.   36.52  121.13  3.2
72  11  14  12  46  33.9  36.93  121.43  2.6
72  11  23  10  19  32.4  37.22  121.73  2.5
72  11  25  11  40  12.1  36.68  121.31  2.6
72  11  26  19  17  54.6  38.50  122.74  2.9
72  12   1   7   2  53.2  36.55  121.14  2.6
72  12   2  19  30  26.7  36.30  120.88  3.0
72  12  10   7  33  34.0  36.60  120.85  2.6
72  12  12   3  51  15.2  36.69  121.33  2.7
72  12  12   3  55  52.1  36.68  121.33  2.6
72  12  13  10  52  33.0  36.67  121.30  2.8
72  12  13  20  32  36.7  37.90  121.95  2.7
72  12  14   1  31  57.9  36.66  121.29  3.0
72  12  18  10  14  24.7  36.58  121.18  2.5
72  12  24   9  54  57.1  36.57  121.17  2.8
73   1   1   7  57  39.6  37.08  121.51  3.1
73   1  12   6   7  15.3  37.31  121.68  3.3
73   1  15   9  43  29.9  36.68  121.32  4.1
73   1  15  10   8  32.9  36.69  121.33  3.0
73   1  15  10  13  38.9  36.69  121.33  2.9
73   1  15  10  23  43.4  36.68  121.32  3.7
73   1  15  14  41  22.4  36.68  121.32  3.7
73   1  15  15  19  25.9  36.69  121.34  2.6
73   1  15  15  30   8.6  36.68  121.31  3.0
73   1  15  19  22  31.6  36.68  121.31  2.6
73   1  15  20  13  46.8  36.68  121.31  3.0
73   1  15  20  17   4.6  36.67  121.31  2.8
73   1  15  21  14  50.9  36.67  121.31  3.2
73   1  20  12  30  15.9  36.67  121.30  3.2
73   1  20  15  59  56.6  36.65  121.28  2.9
73   1  21  18  23  13.9  36.66  121.30  3.2
73   1  21  20  16  56.1  36.65  121.29  2.8
73   1  21  22  21  13.7  36.66  121.30  3.0
73   1  24  18  26  57.2  36.46  121.04  2.9
73   1  24  20  11  31.0  36.66  121.29  3.0
73   1  26   0  37  22.7  36.70  121.35  2.9
73   1  28  22  25  52.8  36.54  121.11  2.9
73   1  29   7  45   3.7  36.76  121.49  2.8
73   2   2  22   7   2.5  36.13  120.23  2.7
73   2   4  21  58   8.5  36.76  121.51  2.5
73   2  13  17  41   8.3  36.65  121.29  2.9
73   2  13  17  46  48.0  36.66  121.28  2.5
73   2  16  10  29   2.5  36.45  121.06  2.6
73   2  17   7  45  17.6  37.41  121.81  3.2
73   2  19   3  22  57.8  36.61  121.21  2.5
73   2  20   6  39  32.6  37.89  121.87  2.6
73   2  28   7  56  40.9  36.61  121.22  2.5
73   3   4   9  34  27.8  37.38  121.75  2.8
73   3  11  14  32  35.2  36.74  121.56  2.5
73   3  12   2  31  13.3  36.65  121.27  2.9
73   3  14   8  24   6.3  36.57  121.09  3.1
73   3  14  15  45  17.1  36.57  121.08  2.8
73   3  17   3  30  28.0  37.34  121.62  3.0
73   3  19   0  37  30.6  36.57  121.08  3.1
73   3  27   3  28  23.0  37.11  121.95  2.9
73   4   9   1  58   0.4  38.05  122.31  2.7
73   4  21   3  54  24.4  37.14  121.57  2.9
73   5   7  15  55  30.6  37.27  121.67  2.9
73   5  21   3  56  56.3  36.85  121.64  2.7
73   5  24   9  45  32.1  36.84  121.60  3.1
73   5  24   9  57   9.9  36.82  121.63  2.8
73   5  25  14  26  45.8  37.79  121.93  2.5
73   6  11   3  49  53.3  36.88  121.33  2.6
73   6  12  20  22   2.9  37.59  121.98  2.6
73   6  22   1  29  12.3  36.59  121.19  4.2
73   6  24   9  44  49.3  37.77  121.92  2.5
73   7   5  11  47  31.6  36.66  121.28  2.9
73   7   5  17   2  52.3  36.67  121.30  3.1
73   7   8   1  13  56.3  36.56  121.15  2.6
73   7   8   2  59  18.6  36.16  120.76  2.6
73   7   8   3  40  34.6  36.15  120.76  2.9
73   7   9  21   0  29.8  36.80  121.55  3.4
73   7   9  21  28   4.2  36.80  121.55  2.9
73   7  10   2  51  54.8  36.80  121.55  2.9
73   7  12   7  10  24.2  37.26  121.65  2.9
73   7  18   8  23  38.2  36.58  121.19  2.5
73   8   2   4  26  35.8  36.87  121.65  2.9
73   8   2   5  44  44.4  36.87  121.63  3.0
73   8   2  16  10  42.4  36.57  121.15  3.1
73   8   7   4  17   1.2  36.77  121.51  2.7
73   8   8   7   8  21.4  37.27  121.63  2.7
73   8  10  11  35   7.8  36.61  121.21  2.6
73   8  10  11  51   1.9  37.05  121.48  2.5
73   8  21   9  29  39.0  36.81  121.55  2.9
73   8  25   3  38  30.3  36.06  120.09  3.0
73   8  26   3  17  25.9  38.41  122.63  2.6
73   8  26   7  34  59.8  36.85  121.63  2.7
73   8  31   9  10  33.0  36.82  121.57  2.7
73   9  17   5  32  54.9  36.57  121.17  2.5
73   9  26   4   4  46.8  37.29  122.30  3.2
73   9  29  18  59  58.8  37.88  121.82  2.5
73  10   3  10   7  27.3  37.19  121.59  4.7
73  10   4   5  37  15.0  36.66  121.28  2.7
73  10   4  12  24  10.4  37.87  122.26  3.1
73  10   5  12  20  47.7  37.20  121.57  3.6
73  10   7  16   1  24.0  37.89  122.32  3.2
73  10   7  17  11   3.6  37.90  122.30  2.9
73  10   7  17  45  12.4  37.55  121.84  2.7
73  10   9   2  18  14.6  36.60  121.23  2.5
73  10  11  14  57  58.8  36.58  121.19  2.5
73  10  14  23  37  39.8  36.84  121.61  3.0
73  10  17  16  55  13.6  37.81  121.92  3.0
73  11   4  20  29  21.8  36.82  121.59  3.1
73  11   6   7  18  51.6  36.93  120.94  2.8
73  11  12  18  17  13.6  37.20  121.98  4.5
73  11  15   9  48   9.1  36.60  121.21  2.7
73  11  24   1   8  53.2  36.62  121.25  2.6
73  11  28  21  40  11.0  37.55  121.38  2.5
73  12  11   7  35  23.1  36.89  121.42  2.5
73  12  13   2  17  31.3  36.79  121.42  2.5
73  12  14  23  56  29.9  36.83  121.59  2.9
73  12  15   0  56  50.7  36.83  121.59  2.9
73  12  15   5  50  56.9  36.83  121.59  2.6
73  12  15  12  59   2.1  36.45  121.05  2.5
73  12  15  23  19  57.6  36.83  121.59  2.8
73  12  29   4  15  37.1  37.44  121.78  3.6
73  12  29  17  47   8.3  37.43  121.80  2.7
74   1  10  11  22  24.8  36.95  121.59  4.4
74   1  12   4  12  22.0  36.49  120.32  3.0
74   1  23   1  37  58.6  36.38  120.42  3.1
74   1  23  15  56  51.4  36.85  121.63  3.0
74   2   1   3  27  51.0  36.78  121.57  3.5
74   2   7  10  35   5.9  36.59  121.19  3.0
74   2   8  22   5  44.6  37.39  121.76  3.3
74   2  14   4  20   2.4  36.73  121.40  2.8
74   2  20  10  55  16.5  36.62  121.17  2.5
74   3   2   8  28  25.4  37.27  121.65  3.4
74   3   8  18  56  19.1  36.65  121.28  2.5
74   3   8  19  10  14.9  36.65  121.28  2.9
74   3  10  23  21   9.4  37.28  121.67  3.0
74   3  12  12  45  28.6  37.32  122.25  3.6
74   3  16  16  24  21.1  37.00  121.71  3.3
74   3  18   9  59  59.2  36.51  120.61  3.1
74   3  24   1  37  13.5  37.13  122.46  3.1
74   3  24  16  57   9.4  37.52  121.88  3.4
74   3  31  23   6  18.0  36.94  121.59  3.6
74   4   7  10  47  40.8  36.57  121.17  2.5
74   4   7  22   7  32.5  36.57  121.11  2.5
74   4  17  19  30  20.4  36.94  121.61  3.2
74   4  22   8  21  17.9  36.83  121.59  2.5
74   4  22   8  24  51.8  36.85  121.59  3.0
74   4  24   0   6   4.9  37.39  121.76  2.6
74   4  27  12  20  31.8  37.06  121.50  2.6
74   5   4   3  47  30.6  36.55  121.11  3.1
74   5  28  15   2  33.1  36.18  120.78  2.5
74   5  28  19  39  20.7  36.44  121.05  2.6
74   6   6  12  13  51.1  38.38  122.63  3.1
74   6  10   0   3  56.5  36.61  121.21  2.8
74   6  12   6  32   1.2  36.23  120.82  2.9
74   6  12  18  50  30.2  36.73  121.36  2.5
74   6  12  19  21  51.3  36.74  121.36  3.7
74   6  14   2  49  37.6  36.86  121.40  3.0
74   6  15  14  10  49.8  36.86  121.61  2.6
74   6  15  17  49  25.5  36.73  121.36  3.0
74   6  15  19   0   9.8  36.73  121.38  2.5
74   6  15  19  29  16.9  36.73  121.38  2.6
74   6  20   9   4  50.4  36.87  121.42  2.8
74   6  23  13  12  27.4  36.74  121.38  2.7
74   6  24   0  36  30.0  36.70  121.34  2.8
74   7   6   4   3  56.0  36.57  121.17  3.2
74   7  10  15  28  41.1  36.86  120.74  2.8
74   7  22   4   8  20.3  36.65  121.11  2.7
74   8   1   2  25  49.6  36.62  121.24  2.7
74   8   4   3  43  54.0  37.99  121.85  3.0
74   8   4  15   3  45.5  36.62  121.24  3.1
74   8   4  17  33  24.4  36.63  121.24  2.9
74   8  13  18  16  44.4  37.29  120.91  3.1
74   8  14  10  16  50.3  37.30  120.91  3.3
74   8  19  12  47  19.1  36.53  120.68  4.4
74   8  19  12  51  19.2  36.54  120.66  2.9
74   8  19  13   9  17.2  36.56  120.68  2.6
74   8  19  22  30  57.8  36.90  121.64  2.5
74   8  20  20  36  53.8  36.54  120.69  3.0
74   8  25  15   6  19.4  36.41  120.55  3.3
74   8  26   2  24  30.8  36.60  121.06  3.4
74   8  27  10  12  38.8  36.41  121.02  2.5
74   8  30   7  55  29.8  36.83  121.37  2.6
74   9   5   5  11  10.0  36.57  120.50  2.9
74   9   5  19   1  33.7  37.29  122.10  2.5
74   9   7  20  45  56.1  36.59  121.19  3.2
74   9   8  11  16  40.1  36.61  121.22  2.8
74   9   9   2  48  21.5  36.70  121.35  2.8
74   9   9   8   6  18.5  37.37  121.59  2.8
74   9  12  21  21  20.0  36.63  121.25  2.9
74   9  25  16  24  36.0  37.14  121.54  2.7
74  10   1   5  10  13.8  36.40  120.28  3.1
74  10   4   0  34   3.7  36.41  120.30  2.8
74  10   7  16  33  54.2  37.17  121.56  2.7
74  10  14  23  54  18.3  36.92  120.99  2.8
74  10  22  14  56  35.2  36.71  120.77  2.6
74  10  28   5  50  21.1  37.14  121.54  2.8
74  10  28   6   1  23.3  37.14  121.55  2.8
74  11  11  23  12  17.9  36.55  120.64  2.9
74  11  14  23   1   0.1  36.68  121.31  2.9
74  11  18   1  50  34.1  37.51  121.84  2.9
74  11  28  23   1  24.7  36.91  121.48  5.2
74  11  28  23   5  14.8  36.89  121.57  2.7
74  11  28  23  35  57.7  36.93  121.47  3.2
74  11  29   0  37  10.2  36.93  121.47  2.9
74  11  29   1   4   7.0  36.92  121.48  4.0
74  12   1  10  20  54.9  37.25  121.61  3.7
74  12  12   5  30  40.3  37.26  121.64  2.6
74  12  29   9  51  46.2  37.92  122.33  3.5
74  12  31  20  22   1.1  36.92  121.47  4.3
74  12  31  21   8   5.1  36.90  121.48  3.3
75   1  23  18  16  10.4  36.90  121.48  2.8
75   1  29  17  59  19.6  36.85  121.57  3.1
75   2   6  23  24  38.4  36.84  121.60  2.7
75   2   7   4  42  47.9  36.90  121.49  3.1
75   2  15  16   2  54.8  36.81  121.56  2.9
75   2  17   4  57  49.2  37.89  121.99  3.1
75   2  20   3  58  10.8  37.34  121.32  3.4
75   2  20   5  15   3.0  36.60  121.21  2.5
75   2  23  17  24  16.8  36.57  121.17  2.9
75   2  27  22  22  55.4  36.22  121.65  3.4
75   2  28  15  56  12.1  37.00  121.59  2.6
75   3   2   0  15  22.1  37.11  121.51  3.2
75   3   3  11  34  55.8  36.93  121.48  4.2
75   3  15  20  49  43.2  36.93  121.49  3.6
75   3  21  10   6  54.7  36.90  121.48  2.8
75   3  26  20  13  11.9  36.65  121.27  3.0
75   3  30   3  57  31.8  36.26  120.85  3.1
75   4  10  12  24  36.1  37.13  121.52  2.7
75   4  12  17  42  28.6  36.95  121.63  2.9
75   4  12  20  20  49.6  36.95  121.63  3.0
75   4  13  13   6  16.1  36.76  121.47  2.6
75   4  15  16  50  30.1  37.13  121.54  2.7
75   4  18   1  41  32.6  37.92  122.34  3.3
75   5   7  12  15   8.8  37.06  122.35  2.8
75   5  11   4  54  26.4  36.96  121.57  2.9
75   5  14  21  52   3.7  36.90  121.69  3.0
75   5  19   5  20  13.6  37.19  120.96  3.1
75   5  22  13   0  27.0  36.21  120.82  3.0
75   5  23   5  16   9.4  36.67  121.30  2.5
75   5  25   6  15  48.6  37.19  120.96  2.8
75   5  26  14  20  35.7  36.90  121.48  2.5
75   5  29   9  55  40.3  37.89  121.86  2.9
75   6   9  12   7  30.9  37.97  121.66  3.1
75   6  11  11  38  18.7  37.19  120.94  2.8
75   6  14  12  56  18.7  36.68  121.32  3.3
75   6  17   5  27   8.0  38.07  121.88  3.5
75   6  17   6  44  57.5  36.75  121.00  2.7
75   6  18  17  50  19.7  37.19  120.95  4.1
75   6  19  16  17  53.7  37.35  122.31  3.4
75   6  20   5  34   0.6  37.34  122.33  3.3
75   6  20   8  16  17.7  37.33  122.35  3.4
75   6  22   0  12  35.4  37.34  122.33  3.5
75   6  24   8  54  37.9  37.34  122.28  2.7
75   6  27  10  21  23.4  37.01  120.44  2.5
75   7   4  19  32   4.2  36.58  121.05  2.7
75   7  16  21  35  11.9  36.94  121.46  2.8
75   7  23  20  59  21.4  36.93  121.60  3.3
75   8   2  23  56   4.1  36.48  120.34  2.8
75   8   3   3  30  33.3  36.47  120.35  2.5
75   8   3   4  30  41.5  36.47  120.38  3.0
75   8   3   5  57  17.2  36.47  120.35  4.0
75   8   3   6   4  47.9  36.50  120.37  3.9
75   8   3   6  35  16.5  36.46  120.34  4.9
75   8   3   6  38   0.   36.46  120.34  4.4
75   8   3   6  47  32.0  36.49  120.38  2.6
75   8   3   6  48  45.4  36.47  120.36  2.5
75   8   3   6  49  31.5  36.44  120.35  3.0
75   8   3   7  11  35.9  36.49  120.36  2.5
75   8   3   7  27  12.8  36.48  120.35  2.6
75   8   3   7  59  40.5  36.49  120.36  2.5
75   8   3   8  38   0.1  36.46  120.34  3.6
75   8   3   9   0  30.0  36.46  120.35  3.5
75   8   3   9  57   5.1  36.48  120.35  3.2
75   8   3  10  14   1.9  36.48  120.36  2.5
75   8   3  13  46  57.8  36.48  120.37  2.5
75   8   3  16  58  35.5  36.48  120.38  2.6
75   8   4   7  14  47.8  36.46  120.36  3.5
75   8   5   6  10  20.1  36.45  120.34  2.5
75   8   5   9  44   9.2  36.47  120.33  2.6
75   8   6  22  23  14.6  37.07  121.49  2.5
75   8   7   1  17  35.9  36.49  120.33  2.5
75   8   7  21  42   1.1  36.46  120.32  2.5
75   8   7  21  46   2.4  36.45  120.33  3.1
75   8   8   6  28  14.4  36.47  120.33  2.8
75   8   8  22  23  43.6  36.50  120.34  2.6
75   8  10  17  16  36.2  36.93  121.47  2.5
75   8  11  11   3  31.1  36.57  121.08  2.5
75   8  15  22  27  51.8  36.50  120.40  4.6
75   8  17   8  52  52.7  36.48  120.35  2.5
75   8  18   8  35  54.6  36.50  120.38  2.5
75   8  21  14  19  42.5  36.48  120.36  2.5
75   8  27   9  53  42.6  36.65  121.28  2.5
75   8  29   7  52  42.6  36.51  120.39  3.9
75   8  29   7  57  10.6  36.51  120.36  2.5
75   8  29   8  30  40.9  36.51  120.39  2.8
75   8  30   5  48  14.8  36.50  120.39  3.0
75   8  31   5  52  39.5  36.55  121.15  2.8
75   9  15  12  31  16.4  37.84  121.95  2.8
75   9  20   0  51   4.8  36.55  121.11  2.6
75  10   3   9  44  45.3  37.86  121.92  2.5
75  10   4   1  23  48.5  37.86  122.27  2.5
75  10   4   8   6  29.1  37.86  122.27  2.5
75  10   6  13  36   1.4  36.21  120.84  2.5
75  10  12  16  45   5.4  36.45  120.40  2.5
75  10  12  20  52  42.1  36.48  121.07  2.5
75  10  23   7  53  37.2  37.39  122.20  2.7
75  10  23  14  37  12.4  36.48  120.33  2.5
75  10  24  17  27  30.2  37.00  121.03  2.5
75  11   3   2  14  11.7  36.80  121.60  2.8
75  11   4  14  33  52.5  36.94  121.44  2.8
75  11   5   3  28  50.3  36.66  121.29  2.9
75  11   9  15  56  46.5  37.53  121.64  2.6
75  11  18  11  50  33.8  36.93  121.45  3.1
75  11  18  13  37  59.6  36.94  121.44  2.6
75  11  25  22  49  53.4  36.85  121.42  2.8
75  11  29   2  38  33.9  36.70  121.35  2.9
75  11  29  23  31  22.8  37.09  121.51  2.5
75  12   7  18  59  10.1  37.97  122.36  3.0
75  12   9   8  35  32.1  36.54  121.13  2.9
75  12  10  23  32  17.7  36.46  120.34  2.7
75  12  13  18   7  21.2  36.81  121.60  2.8
75  12  22   2  29  36.1  36.52  120.37  2.6
75  12  25   4  45   7.0  37.30  121.68  3.2
75  12  27  22  16  14.3  36.47  120.34  2.8
75  12  28   8  33   2.9  36.88  122.09  3.2
75  12  29  15   7  32.3  36.80  121.13  3.5
76   1  14  21  43  46.7  36.11  120.16  3.0
76   1  14  21  43  59.3  36.11  120.16  4.9
76   1  14  23  40  17.6  36.14  120.21  3.4
76   1  15   0   9  37.4  36.15  120.25  3.6
76   2   1   2  57  39.7  37.93  122.31  2.6
76   2   1  13   1  54.5  37.26  121.64  2.5
76   2  12  18  27  44.6  36.82  121.24  2.8
76   2  21  23  40  10.9  36.42  120.28  2.6
76   3   1  17   6  40.3  37.73  121.96  2.8
76   3   9  19  45   0.3  37.33  122.18  2.5
76   3  13  10  54  26.4  36.38  120.99  2.5
76   3  17   4   1  52.7  36.82  121.13  4.3
76   3  17  14  42  27.9  36.81  121.16  2.5
76   3  18   1  55  14.1  36.79  121.12  2.6
76   3  20  10  38  10.3  36.55  120.69  2.9
76   3  20  10  50  42.0  36.54  120.70  3.2
76   4  14  20  44   6.3  36.54  121.18  2.7
76   4  16  17   7  30.8  36.59  120.63  2.7
76   5   3   5  42  38.9  38.14  121.95  3.4
76   5  19   1  35  15.2  37.73  121.93  2.7
76   5  20   4  32  38.6  36.89  121.49  3.0
76   5  23  17  39  39.2  36.50  120.50  2.6
76   5  27  17   1   8.9  38.33  122.63  3.4
76   6   2   6  34  48.3  36.68  121.29  3.0
76   6   4   5  50  11.4  36.66  121.32  2.6
76   6  13   6  12  12.9  37.12  121.57  3.2
76   6  14  19  23  40.4  36.77  121.46  2.7
76   6  20  15   7  45.1  36.80  121.11  2.6
76   6  21   2   7  30.7  37.24  121.60  2.9
76   7   7   7  50  45.4  37.44  121.77  3.4
76   7  13  13  34  53.9  38.07  121.86  3.4
76   7  18  11  49  28.3  37.28  122.17  2.6
76   8   7   4  15  36.1  37.96  122.36  2.6
76   8  11   1   3   9.4  37.09  121.95  2.5
76   8  12   8  51  11.3  37.17  121.53  2.9
76   8  12  13   5   8.3  37.17  121.53  2.5
76   8  12  20  49  50.3  36.57  121.18  2.5
76   8  15  10   6  38.0  37.85  121.95  3.0
76   8  15  10  19  43.6  37.78  121.99  3.0
76   8  15  12  29   5.8  37.78  121.97  3.3
76   8  15  14  10  37.7  37.78  121.97  2.7
76   8  20  22   5  53.0  37.79  121.98  4.0
76   8  20  22   8   1.4  37.78  121.98  3.8
76   8  22  17  28  43.4  37.80  121.97  3.0
76   8  26   2   2  26.6  36.53  121.12  2.6
76   8  31  12  29  28.3  37.67  121.66  3.4
76   9   3  17  12  26.3  36.70  121.39  2.7
76   9   3  19  58  49.9  36.70  121.40  3.5
76   9   5   3  15   9.3  37.60  121.43  3.5
76   9   7  11  46  20.3  36.54  121.16  2.6
76   9  12  17  34  33.0  37.90  122.22  2.9
76   9  16  12  37  11.7  37.36  121.76  2.5
76  10   6  20  54  19.9  37.63  121.42  3.3
76  10   8   9  53  26.4  36.48  121.06  2.6
76  10  15   1  35  31.9  38.00  122.06  3.4
76  10  18   2  46  15.8  36.80  121.59  3.3
76  10  19  18  36  41.0  36.77  120.85  2.7
76  10  23  19  24  33.2  36.88  121.49  3.5
76  10  24   2  19  52.7  36.84  121.63  3.8
76  10  29   8  23  57.3  37.86  121.78  2.7
76  11   4   0  32  33.3  36.56  121.15  2.8
76  11  15   5  58  53.3  38.26  121.87  2.9
76  11  15  18  11  17.5  36.45  120.38  3.0
76  11  16   4  20  18.9  37.52  121.67  2.6
76  11  25  15  58  25.7  36.64  121.27  3.5
76  11  26  18  52  39.4  36.59  121.20  2.5
76  12   2   7  24  53.1  36.62  121.24  3.3
76  12   8  20  13  19.4  37.26  121.64  3.1
76  12  13   2  26   0.6  36.80  121.62  2.9
77   1   2   2   9  37.7  37.04  121.49  2.5
77   1   3   3  23  21.1  36.79  121.30  2.6
77   1   6   8  55  15.1  36.61  120.86  2.7
77   1   6   9  28   1.4  36.64  121.30  3.1
77   1   8   6  55  50.6  37.90  122.18  2.6
77   1   8   7  17  33.9  37.90  122.19  3.0
77   1   8   8  58  13.9  37.90  122.18  4.0
77   1   8   9  38   7.5  37.90  122.18  4.3
77   1   8   9  39   3.4  37.90  122.18  2.8
77   1   8   9  39   4.1  37.90  122.18  3.8
77   1   8   9  41   2.7  37.91  122.19  2.7
77   1   8   9  43   5.9  37.92  122.18  3.0
77   1   8   9  45   3.6  37.92  122.18  2.5
77   1   8   9  51  55.6  37.91  122.19  3.0
77   1   8   9  54   5.7  37.92  122.18  2.6
77   1   9   5  34  16.7  37.89  122.18  3.2
77   1   9   5  46  40.4  37.89  122.18  2.5
77   1  10   5   8   7.8  37.91  122.30  3.0
77   1  18  21   5  46.4  36.93  121.45  3.5
77   1  19   2  12  19.8  36.93  121.46  3.9
77   1  19  14   3  36.5  36.61  121.46  2.5
77   1  20   2  11  14.0  37.44  121.74  2.5
77   1  22  12  18  26.6  36.59  121.22  2.6
77   1  22  15  21  17.4  37.83  121.76  2.8
77   1  23  13  18  50.3  36.90  121.61  2.5
77   1  23  17  45  50.5  37.86  122.25  2.7
77   1  24  15  55  46.5  37.86  122.25  2.8
77   1  28   7  37  23.6  36.02  120.68  2.7
77   2  12  23  49  26.7  36.73  121.36  2.8
77   2  16  18  32  28.9  36.13  120.80  2.6
77   3   1  21   8  46.2  37.83  122.06  3.0
77   3   6   0  32  33.9  36.69  121.14  2.9
77   3  12   5  55  31.2  36.56  120.73  3.2
77   3  12   9  19   6.7  36.89  121.48  3.6
77   3  16   7  54  56.2  36.92  121.46  3.6
77   3  16   7  56  30.5  36.92  121.46  2.7
77   3  19  22  56  47.6  37.42  121.64  3.4
77   3  26  19  13   6.4  38.47  122.22  2.9
77   3  27  11  24  58.4  38.34  122.63  2.5
77   4  21  18   0   3.1  36.64  121.31  3.0
77   4  21  19  58  55.5  36.65  121.31  2.9
77   4  30  19   3  16.6  37.74  123.30  2.6
77   5   4   6   4  58.1  36.54  120.54  2.8
77   5   4  19  43  34.0  38.18  121.96  3.2
77   5   5  22  40  32.1  38.18  121.96  3.3
77   5  28   6  26  53.6  36.65  121.32  3.0
77   5  31  22  56  50.3  38.16  121.96  2.6
77   6   4  20  57   7.7  38.20  121.97  3.8
77   6   4  21   6  55.0  38.20  121.96  2.6
77   6   6  16  38  51.7  38.21  121.96  2.6
77   6  11  19  25   2.1  36.41  121.02  2.5
77   6  17  19  38  48.9  38.19  121.95  3.6
77   6  18   3   6  13.8  37.85  121.82  2.7
77   6  18   3  21  19.2  37.85  121.82  2.6
77   6  19   0   7   1.1  36.92  121.63  2.5
77   6  21   2  43   6.6  37.66  121.67  4.4
77   6  21  15  29  15.6  36.46  121.15  3.0
77   6  23  19  36  25.0  37.67  121.67  2.5
77   6  25  16  36  45.5  36.78  121.49  2.5
77   6  28  12  46  40.6  37.58  121.66  3.1
77   6  29   9  33  21.4  36.94  121.59  2.5
77   7   3  19  46  53.1  37.38  121.74  3.2
77   7   3  20  21  24.4  37.36  121.70  3.2
77   7   7  14  20  54.2  36.14  120.78  2.9
77   7   8   8  25  37.8  36.89  121.50  2.7
77   7   8   8  31  40.3  36.89  121.49  2.8
77   7  14  11  38   5.7  36.57  121.20  3.3
77   7  14  11  45  14.2  36.57  121.20  2.7
77   7  15  11  31  59.1  36.57  121.21  2.8
77   7  19  23  50  32.1  37.96  122.06  3.2
77   7  24   3  18  54.1  36.42  120.71  2.6
77   7  27  11  10  46.8  36.89  121.50  3.2
77   7  27  21  51  17.4  37.34  122.12  3.5
77   7  30  16  35  38.1  36.92  121.48  3.8
77   8   2   2  31  43.5  37.93  122.30  2.8
77   8   9   5  19  20.9  37.38  121.73  2.8
77   8   9   8  34  25.2  36.20  120.82  3.3
77   8  10  20  19  23.4  37.40  121.72  2.9
77   8  14  14  25  34.9  37.73  121.94  3.4
77   8  14  15   2  58.1  37.72  121.98  2.7
77   8  14  15   3  25.7  37.72  121.96  2.6
77   8  16  14  24  11.2  37.36  121.61  2.7
77   8  17  22  27  40.1  37.73  121.94  2.7
77   8  18  11  58  16.8  37.41  121.76  2.9
77   8  25   9  38  22.5  36.56  121.19  2.5
77   8  27  21  43  47.5  37.88  121.99  2.6
77   8  30   3  53  19.9  36.85  121.64  2.5
77   8  31   9  27   4.6  36.64  121.30  2.7
77   8  31  23  39   9.4  38.28  122.58  2.8
77   9   2  16  24  35.0  36.91  121.48  2.9
77   9   4  12  33  46.5  36.58  121.09  2.7
77   9   5  17  45  28.7  38.16  122.17  3.7
77   9   7  23  54  57.9  36.82  121.60  2.7
77   9   9  11  18  39.2  36.91  121.48  2.6
77   9  10   7  38   4.3  36.22  120.83  3.0
77   9  11   7  30  16.6  36.99  121.72  2.7
77   9  13   1  48  13.7  36.55  121.21  2.8
77   9  20  23  17  12.5  36.81  121.58  2.8
77   9  25  17  28   6.6  37.37  121.73  2.8
77  10   4  11  26  38.9  37.18  121.58  2.5
77  10   9   3  26  20.6  37.38  121.72  2.6
77  10  11   0  35  13.8  36.81  121.60  3.0
77  10  13   6   4  26.5  37.47  121.03  2.5
77  10  13  16  10  27.4  37.47  121.03  3.7
77  10  18  10   8  18.8  36.60  121.24  3.5
77  10  19  11  46   8.4  38.33  122.57  3.3
77  10  24  19   8  18.4  36.64  121.29  2.8
77  10  26   0  49   6.7  36.88  121.48  2.7
77  10  28  11   0  51.8  36.57  121.21  2.8
77  11   1   0   4  15.9  38.18  122.17  2.6
77  11   1   4   6  43.4  37.70  122.53  3.1
77  11   1   4  13  11.8  37.70  122.54  2.5
77  11   3  17   8  42.5  36.42  121.02  3.0
77  11   4  15   5  48.4  36.58  121.21  2.9
77  11   4  15  12  53.0  36.58  121.22  3.4
77  11   4  15  13   3.7  36.58  121.22  3.4
77  11   4  21  34  11.3  36.58  121.22  2.7
77  11  18  16  36  45.3  36.74  121.03  2.6
77  11  19  18  36  49.8  37.40  121.78  2.5
77  11  26   4  31  56.8  37.18  121.63  3.3
77  11  26  20  30  15.0  37.18  121.64  2.6
77  12   7  18  38  19.5  36.85  121.54  2.8
77  12   8  18   4  21.0  37.87  122.26  2.6
77  12   9   2  26  55.3  37.70  122.54  2.9
77  12  10  23  36   0.8  37.36  121.68  2.6
77  12  12   1  11  46.0  37.35  121.69  3.6
77  12  15  11  15  28.9  36.58  121.22  4.2
77  12  31  18  29  34.3  36.94  121.46  2.9
78   1   1  19  12  42.8  36.55  121.11  2.5
78   1  10   8  21  35.8  36.63  121.31  3.0
78   1  15  15  48   8.6  36.57  121.22  2.9
78   1  22  22  21  15.4  36.54  121.11  2.5
78   2   6   9  40  33.0  36.96  121.64  2.7
78   2   8  20   8  21.3  36.91  121.69  3.0
78   2   9   5  38  54.9  37.66  121.62  2.6
78   2  14  16  33  47.0  38.40  122.65  2.7
78   2  19  19  19  59.8  37.82  121.89  2.5
78   2  23   3  56   0.   36.52  120.70  2.5
78   3  28   9  51   2.1  36.86  121.60  2.9
78   3  28  17  22  41.2  36.84  121.61  2.6
78   3  31   1   3  27.7  38.49  123.33  3.3
78   4   4   3  23  31.8  37.84  122.06  2.5
78   4   7  11  56  50.2  36.75  121.51  2.7
78   4  14  15   0  33.9  36.75  121.50  3.1
78   5   4   1  10  34.4  36.71  121.21  2.6
78   5   4   1  18  29.9  37.24  121.62  2.8
78   5   5  12   7  59.8  36.93  121.00  2.8
78   5   8   6  56  23.3  37.37  121.75  3.4
78   5  10  15  55   3.8  37.37  121.75  2.9
78   5  10  15  55  40.5  37.38  121.75  3.3
78   5  11  11  56   5.6  37.37  121.76  3.8
78   5  11  11  56  56.6  37.37  121.76  3.8
78   5  11  12  18  11.8  37.38  121.75  3.7
78   5  11  12  28   3.5  37.38  121.75  3.4
78   5  11  19  13  24.9  37.38  121.76  2.8
78   5  12   0  27  47.6  37.38  121.76  3.0
78   5  22  21  56   6.9  36.64  121.31  3.5
78   5  22  22   1  58.2  36.64  121.31  2.9
78   5  30   5  20  54.5  36.61  121.28  2.8
78   6   2   2  51   0.2  36.64  121.30  2.9
78   6   9  22  18  17.3  37.38  121.75  2.8
78   6  22   6   4  29.1  36.97  121.44  2.7
78   6  24  21  39  33.2  36.97  121.44  2.7
78   6  27  10  12  13.9  36.96  121.44  2.8
78   7   2  10  29  54.1  36.88  122.17  2.5
78   7   2  11  57  57.0  36.90  122.18  4.2
78   7   3  13   4  11.9  36.67  121.36  2.9
78   7   6  21   4  51.4  36.67  121.36  2.7
78   7   7   0  39   7.0  36.77  121.53  2.6
78   7   7  20   5  26.9  36.90  121.48  3.0
78   7  18  19   9   3.7  36.99  121.67  2.9
78   7  27   7  29  31.4  37.71  122.10  2.5
78   7  31   9  15  44.3  37.71  122.14  3.0
78   8  13   2  58  36.6  36.66  121.35  2.8
78   8  24  21   4  25.7  37.49  121.54  2.8
78   8  28   3  32  18.4  37.55  121.86  2.8
78   8  28  19  57  24.6  36.53  121.16  2.8
78   8  29   0  14  46.4  37.36  121.72  4.1
78   8  29   0  18  45.3  37.35  121.72  3.8
78   9   1   9  31  25.4  37.32  121.78  3.3
78   9   5  21   6   0.1  37.32  121.78  2.5
78   9  10  10  24  43.1  36.67  121.36  2.9
78   9  15   7  30  43.2  36.68  121.37  2.5
78   9  17  15   6   5.0  36.68  121.37  3.3
78   9  17  15   8   2.3  36.67  121.36  3.0
78   9  17  15  38  33.1  36.68  121.36  3.9
78   9  17  16   0  26.2  36.67  121.36  3.8
78   9  18  11   3  34.2  36.68  121.36  2.7
78   9  19  15  52  41.5  37.73  122.56  2.9
78   9  21   3  18  57.1  36.99  121.68  2.9
78   9  22  15  36  20.3  36.94  121.43  2.6
78   9  23  18  12  37.0  36.68  121.36  2.6
78  10   2   1  21   3.2  37.01  121.46  2.5
78  10   4  21  24   9.0  36.65  121.31  2.9
78  10   8  23  59  11.3  36.55  121.19  3.0
78  10   9  20  49  45.8  36.68  121.37  3.3
78  10  10   1  38  36.9  36.61  121.28  3.8
78  10  14  20  59  44.6  36.93  121.45  2.9
78  10  15  11  43  25.4  37.13  121.61  2.7
78  10  18  19  45   9.7  36.68  121.37  2.5
78  10  27  12   0  22.2  37.26  121.64  3.1
78  10  30  16   5   4.6  36.67  121.36  3.2
78  11   4   2  32  11.1  36.47  120.49  2.5
78  11   7  13   0   8.1  36.82  121.59  2.6
78  11   7  13   5   0.6  36.82  121.59  2.6
78  11  14   4  52  51.5  36.55  121.19  2.5
78  11  20   9  11   5.6  36.39  121.02  2.7
78  11  29  14  53   3.9  36.22  120.83  2.6
78  12   8   1  48   6.6  37.49  121.07  2.5
78  12   8  15  44  44.4  36.54  121.08  3.1
78  12  14   7  38  12.1  36.18  120.79  3.1
78  12  18   7  59  29.9  37.40  121.79  2.8
78  12  18  20   5  49.2  36.14  120.73  2.8
79   1   3   6  44  50.8  36.68  121.32  2.9
79   1   7  11  37  32.3  36.10  120.21  3.8
79   1  11  19  57  26.6  37.01  121.72  3.1
79   1  11  20  39  23.8  37.39  121.76  3.6
79   1  12  16   7  28.8  36.33  120.95  2.6
79   1  19  13  59  55.4  37.35  121.72  3.1
79   1  19  21  15   7.2  36.95  121.58  2.7
79   1  27   0  52  49.1  36.82  121.60  2.6
79   1  27   9   5  45.9  36.82  121.60  2.6
79   2   5   2   8  19.6  37.77  122.17  2.7
79   2   5   7  22  41.2  37.32  121.67  3.4
79   2  12  20  26  22.1  36.66  121.34  3.6
79   2  12  21  38  18.4  36.66  121.33  2.8
79   2  13  19  21  48.4  36.55  121.15  3.5
79   2  18   1  38  28.8  36.95  121.58  2.5
79   2  19   0  37  49.1  37.95  122.02  2.7
79   2  21  12  56  47.9  37.83  121.77  3.5
79   2  28   1   3   1.8  37.60  122.44  2.7
79   2  28  12  33  45.6  37.73  122.56  2.6
79   3   5  11  59  47.1  36.43  120.67  2.5
79   3  12  12   6   9.6  37.57  121.69  3.2
79   3  15  20   6  45.5  36.60  121.08  3.2
79   3  16  20   0   6.6  36.63  121.29  2.7
79   3  21  15  41  10.4  37.12  121.52  2.5
79   3  21  22  16  15.0  36.77  120.86  2.6
79   4   4   7  49  16.4  36.75  121.48  3.0
79   4   7  17  49   1.2  36.28  121.66  2.5
79   4  20   9  23  36.9  36.63  120.61  2.5
79   4  22   6  23  25.2  36.83  121.40  3.1
79   4  23   8  20  48.9  37.26  121.63  2.6
79   4  28   0  44  44.8  37.65  122.46  4.4
79   5   8   5  11   7.7  37.30  121.68  4.8
79   5   8   5  35   3.1  37.32  121.68  3.0
79   5  11  22  52  22.4  36.76  121.49  2.8
79   5  18  16  58   3.3  36.51  120.43  2.9
79   5  25  15  55   2.8  36.34  120.77  2.8
79   5  27   6  22  52.6  36.18  120.68  2.8
79   5  27  14  28   7.5  36.52  121.13  3.4
79   5  27  16  28   4.1  36.52  121.12  3.3
79   5  29  22  16   8.3  36.52  121.12  2.6
79   6   1  23  58  26.3  37.87  122.21  2.6
79   6   8  18  39  33.8  36.82  121.55  3.2
79   6   9   1  23  56.6  36.80  121.57  2.6
79   6  11  11  51  56.8  37.98  122.05  2.8
79   6  15  20  15  30.5  37.30  121.67  2.8
79   6  17   3  59  45.8  37.97  122.04  2.7
79   6  17   4   1  34.9  37.96  122.04  2.9
79   6  24   0  52  16.6  36.67  121.35  2.7
79   6  25   9   4  37.0  37.85  121.76  3.3
79   6  26  20   1  28.2  37.04  121.09  3.0
79   7   2  18  59  41.9  37.30  121.66  2.7
79   7   3  13  25  45.6  37.59  122.00  3.3
79   7   5   0  51  37.2  37.74  121.58  2.8
79   7   9  21  20  40.9  36.55  121.18  3.1
79   7  10   8  23  22.9  37.86  121.93  3.6
79   7  22   7  36  11.4  36.65  121.33  2.6
79   7  28   5   5  11.9  37.30  121.66  2.7
79   8   2  14  16  56.6  36.80  121.55  2.9
79   8   2  20  41  35.7  36.80  121.55  3.1
79   8   2  20  52   7.5  36.79  121.54  3.0
79   8   2  21  43  16.4  36.80  121.55  3.9
79   8   3   2  42  54.1  36.79  121.53  2.8
79   8   6  13  50  48.1  37.38  121.73  2.5
79   8   6  17   5  22.7  37.10  121.50  5.8
79   8   6  17  10  43.3  37.09  121.48  3.7
79   8   6  17  22  47.6  37.04  121.47  3.3
79   8   6  18  17  45.5  37.04  121.46  2.5
79   8   6  22  21   1.7  37.03  121.47  3.5
79   8   6  22  33  55.4  37.00  121.47  4.3
79   8   6  22  35  57.6  36.98  121.48  2.9
79   8   6  22  36   4.9  36.99  121.48  3.6
79   8   6  23  36   0.6  37.05  121.47  2.7
79   8   7   2  32  31.6  36.98  121.47  3.0
79   8   7   5  56  51.6  37.06  121.49  2.9
79   8   7  18  51  46.5  36.99  121.46  2.5
79   8   7  19   1  41.3  36.98  121.47  2.5
79   8   7  19  11  25.7  36.98  121.47  3.1
79   8   8   3  52  14.4  36.99  121.47  2.6
79   8   8  22  56   7.9  37.03  121.47  3.2
79   8   9   5  28  48.6  36.98  121.46  2.7
79   8   9   7   3  20.2  37.01  121.45  4.2
79   8   9  12  49  27.5  36.98  121.46  3.5
79   8   9  12  51  41.7  36.97  121.46  2.8
79   8  10   0  25  20.7  37.02  121.46  3.6
79   8  10   4  50  40.0  36.96  121.48  3.0
79   8  10   5  10  42.9  36.98  121.44  2.7
79   8  10  12  37   0.3  36.96  121.47  2.5
79   8  10  19  22  26.8  36.97  121.47  2.6
79   8  11   9  40  19.3  36.98  121.46  2.8
79   8  11  16  42  32.7  36.97  121.48  2.6
79   8  11  20  29  35.2  37.14  121.52  3.2
79   8  13  19  18  46.8  37.86  122.17  3.2
79   8  14   3  15  57.0  36.99  121.47  3.5
79   8  15  22  58  22.7  37.14  121.93  2.5
79   8  16  11  47  44.9  37.16  121.55  2.5
79   8  17  15  43   3.4  37.85  122.25  2.9
79   8  22   9  42  26.9  36.62  121.29  3.1
79   8  24   4  46  51.4  37.84  122.25  2.8
79   8  31  18  53  45.1  37.84  122.00  2.7
79   9   3   6  40  16.2  37.06  121.48  3.1
79   9   5  15  50  31.9  37.70  121.73  2.5
79   9   5  20  15  57.6  37.80  123.32  2.6
79   9   7  18  13  29.2  37.55  121.69  2.6
79   9   9  20  48  31.1  37.83  122.00  2.8
79   9  10   6  16   4.1  37.15  121.54  3.0
79   9  10  14  11  15.8  37.30  121.09  2.8
79   9  14   1   4   5.0  37.12  121.93  3.1
79   9  15   2  45  12.9  37.06  121.49  2.7
79   9  16  23  24  20.9  36.96  121.43  2.6
79   9  17  15  53  41.5  36.52  121.16  2.7
79   9  17  19  19  13.1  37.04  121.49  2.9
79   9  19   3  22  42.6  37.83  122.00  2.7
79   9  21  12  56   3.5  37.37  121.60  2.9
79   9  27   6  14  50.5  36.81  121.56  2.9
79  10  13  20  46  12.0  36.81  121.55  3.4
79  10  16  16  21  35.1  36.63  121.30  2.8
79  10  18   2   4  16.7  36.95  121.62  2.5
79  10  18   5  33  14.8  37.31  121.68  3.0
79  10  20   6  25  38.5  36.56  121.20  3.4
79  10  20   6  32  29.3  36.98  121.48  3.0
79  10  21  14  21  44.3  36.83  121.59  2.6
79  11  13   7  56  55.1  36.90  121.49  2.8
79  11  15  15   8  57.1  37.42  121.65  2.9
79  11  22   6  52   3.4  36.64  121.31  2.5
79  11  26  12  40   8.6  37.86  121.99  3.0
79  11  26  12  43  57.6  37.86  122.00  2.8
79  11  28   0  56  58.6  37.05  121.47  2.9
79  11  28  22  51  27.6  36.80  121.56  2.5
79  12   2   3  54  27.5  36.61  121.28  3.0
79  12   6   7  14  49.3  37.14  121.52  3.0
79  12  10  14  11  21.7  36.80  121.55  2.7
79  12  11  12   5   2.2  37.73  122.13  2.5
79  12  13  16  14  29.1  37.06  121.14  2.8
79  12  17   6  54  53.1  37.06  121.49  2.9
79  12  22  18  54  15.7  36.68  121.37  3.3
79  12  24  13   9  40.1  36.98  122.24  3.8
79  12  31  17  15  37.8  36.90  121.49  2.5
80   1   1   2   9  25.9  36.23  120.82  3.2
80   1   9  19  53  20.1  38.46  122.64  3.0
80   1  17   1  11  39.5  37.02  121.82  3.6
80   1  17  21  51  58.4  37.32  121.70  2.8
80   1  24  18  58  42.2  37.83  121.81  2.7
80   1  24  19   0   9.5  37.83  121.81  5.8
80   1  24  19   1   2.1  37.81  121.79  5.1
80   1  24  19   1  45.5  37.82  121.79  4.0
80   1  24  19   3  19.3  37.84  121.79  4.8
80   1  24  19  12  41.8  37.83  121.78  3.1
80   1  24  19  26   4.2  37.85  121.79  2.6
80   1  24  19  43  17.7  37.82  121.80  2.8
80   1  24  19  51  17.0  37.83  121.80  2.6
80   1  24  19  56   4.9  37.83  121.82  3.5
80   1  24  19  58   8.9  37.76  121.74  3.0
80   1  24  20  31   7.7  37.83  121.81  3.0
80   1  24  20  51  12.6  37.84  121.80  3.0
80   1  24  22  24  14.8  37.84  121.81  2.5
80   1  24  22  32  30.0  37.87  121.79  2.5
80   1  24  22  38   2.7  37.85  121.79  2.6
80   1  24  23  46   1.2  37.85  121.81  2.6
80   1  25   0  15   8.8  37.85  121.79  3.1
80   1  25   0  40  58.3  37.84  121.82  2.6
80   1  25   1  18  43.7  37.84  121.80  2.8
80   1  25   1  48   6.9  37.84  121.78  3.0
80   1  25   3  14   0.6  37.83  121.79  2.7
80   1  25   3  23  47.6  37.84  121.81  2.7
80   1  25   4   6  24.9  37.85  121.79  3.0
80   1  25   4  26  32.1  37.84  121.80  2.9
80   1  25   4  26  34.3  37.84  121.80  3.0
80   1  25   5  12  42.9  37.84  121.79  4.4
80   1  25   5  21  47.5  37.85  121.80  3.4
80   1  25   5  24  36.4  37.86  121.81  4.6
80   1  25   5  29  45.2  37.84  121.80  3.5
80   1  25   6  29  15.2  37.84  121.80  2.9
80   1  25   7  29  27.1  37.85  121.81  2.5
80   1  25   7  45  59.9  37.84  121.81  3.3
80   1  25   7  53  39.6  37.84  121.80  3.0
80   1  25  10   9  31.5  37.78  121.77  2.5
80   1  25  10  16  58.4  37.81  121.79  2.7
80   1  25  12  11  47.7  37.82  121.80  2.9
80   1  25  13  39   2.3  37.84  121.79  3.9
80   1  25  14   3  27.5  37.83  121.79  3.6
80   1  25  15  41   7.2  37.85  121.79  3.1
80   1  27   0  23  29.2  37.85  121.81  3.0
80   1  27   2  33  36.0  37.76  121.73  5.4
80   1  27   5  15  55.2  37.75  121.72  2.6
80   1  27   7  12  39.4  36.58  121.23  3.0
80   1  27  10  58   1.2  37.84  121.81  4.1
80   1  27  13  11  47.3  37.84  121.79  2.6
80   1  27  22  33  16.9  37.83  121.81  3.3
80   1  29   1  46   4.2  37.79  121.76  3.5
80   1  29   5  44  41.3  37.66  121.65  2.6
80   1  29  16  37  34.6  37.84  121.81  2.7
80   1  31   3  28  51.3  36.21  120.84  2.7
80   2   4   1  22  56.4  37.29  121.66  3.3
80   2  10  21  40  32.6  36.76  120.84  2.9
80   2  13   0  29  56.0  37.67  121.64  2.6
80   2  21   6  55  29.9  37.65  121.70  2.5
80   2  21  18  57  29.3  37.65  121.70  3.7
80   2  21  19  49  45.8  37.65  121.69  2.9
80   2  22  22  26  26.7  37.85  121.79  3.4
80   2  22  22  58   8.0  37.85  121.79  2.8
80   2  23   0   8  55.3  37.66  121.69  2.7
80   3   1  12  59  34.4  36.68  121.37  2.8
80   3   2  20  30  15.0  37.15  121.56  2.6
80   3   3   8  21  14.0  36.79  121.33  2.7
80   3   5   3  45  21.6  36.66  121.34  2.8
80   3   6  11   3  44.8  36.67  121.35  3.8
80   3   6  11   5   9.2  36.66  121.36  4.0
80   3   6  11   6   6.5  36.67  121.36  2.6
80   3   6  11   7  37.5  36.66  121.35  3.0
80   3   6  12  31  48.4  36.68  121.36  2.6
80   3   8  14  51  56.2  37.39  121.74  2.6
80   3  11  21  46   6.6  36.99  121.47  2.8
80   3  13  14  36  21.5  37.79  121.78  2.6
80   3  25  12  51  19.3  37.35  121.72  2.6
80   3  31  10  16   4.8  36.99  121.68  2.6
80   4   4  14  42  16.6  37.78  121.77  2.5
80   4   7   5  17  30.6  37.84  122.23  3.5
80   4   9   2  46  49.1  37.61  121.86  2.7
80   4  13   6  15  56.3  36.77  121.52  4.7
80   4  13   6  20  40.1  36.78  121.55  3.2
80   4  13   7  50  13.2  36.77  121.51  2.5
80   4  13   7  58  10.5  36.77  121.51  3.2
80   4  13  15  39   0.7  36.75  121.51  2.8
80   4  13  17   2  52.0  36.78  121.53  2.8
80   4  13  21  51  25.2  36.78  121.54  2.7
80   4  13  23   8  44.3  36.76  121.51  3.2
80   4  14   0  49  18.5  36.76  121.51  2.6
80   4  14   3  45  38.7  36.77  121.51  2.5
80   4  14  13  49  58.6  36.78  121.52  2.6
80   4  16   9  58  47.1  37.59  121.71  2.7
80   4  19  12  45  50.8  36.79  121.56  3.0
80   4  26   7  36  47.8  37.32  121.68  3.1
80   4  28  18  21  25.5  36.79  121.56  3.3
80   5   1   3  28  50.7  37.05  121.48  2.6
80   5  10  11  31  20.7  37.10  121.93  2.6
80   5  10  22  30  38.5  36.83  121.60  2.7
80   5  15  14  52  31.0  36.62  121.27  3.0
80   5  20   2  16  16.0  36.56  121.21  2.5
80   5  20  11  44  17.8  37.83  121.80  2.7
80   5  22  15  45  42.6  37.86  121.80  2.5
80   5  27   5  28  22.7  36.55  121.17  2.6
80   5  29   7  10  50.8  36.21  120.83  2.6
80   5  31  13  28  15.5  36.21  120.82  2.7
80   6  11   7  34   9.4  36.54  121.14  2.9
80   6  18   3  48   9.0  36.90  121.64  3.7
80   6  18   4  52  26.6  36.90  121.64  4.2
80   6  18   5  31   5.2  36.90  121.65  3.8
80   6  18   5  42  56.5  36.91  121.66  3.0
80   6  18   8  35  26.8  36.90  121.65  3.5
80   6  21  18  14  36.4  36.66  121.34  3.0
80   6  26   2  54   9.5  37.05  121.48  2.7
80   6  26   3  56  46.6  37.05  121.49  3.2
80   6  28   1  29  57.7  36.89  121.63  2.9
80   7   5   9  13  37.4  36.05  120.68  3.1
80   7   6  12   4  45.6  37.98  122.08  3.0
80   7   7   2  35  24.1  37.98  122.08  2.5
80   7   8  17  13   2.1  37.05  121.47  3.0
80   7  19   2  37  58.4  37.26  121.63  2.6
80   7  19  16  55  19.7  36.08  120.04  3.0
80   7  25   5  40  51.8  36.68  121.37  2.6
80   7  29  20  11   7.8  37.49  121.61  2.5
80   7  31   9  20  45.6  37.85  121.77  2.6
80   8   3   2  56  47.2  36.83  121.61  2.9
80   8  21  19  59  46.8  37.26  121.63  3.1
80   8  24  12  41  17.8  37.56  121.66  4.0
80   8  27  15  58  53.1  37.56  121.66  2.6
80   8  30   3  23   1.5  37.57  121.65  2.5
80   9   9  16  42  39.6  36.51  121.14  3.0
80   9  13  10  50  19.4  36.66  121.35  3.3
80   9  18  17  27   5.0  36.56  121.20  2.5
80   9  23  11  13   5.2  36.24  120.16  3.0
80   9  24   8   8  38.6  36.24  120.17  4.5
80  10   2  12  47   2.0  37.98  122.07  3.1
80  10   9  16  12  21.3  36.76  121.52  3.0
80  10  12  21  41  13.2  37.06  121.48  2.5
80  10  13   2  46  54.1  36.57  121.09  4.0
80  10  13   5  20  17.3  37.60  121.99  2.5
80  10  13   8  54  39.2  36.57  121.21  3.2
80  10  19   5  13  21.6  37.83  121.79  2.5
80  10  21  19  55   7.0  37.42  121.77  2.8
80  10  25  20  32  34.9  36.97  122.23  3.5
80  10  26   0  25  47.2  36.60  121.25  2.6
80  11   2  23  39  24.6  37.84  122.24  3.0
80  11  14   4  46  41.6  36.62  121.29  2.5
80  11  18  16  10  43.1  37.47  121.83  2.9
80  11  19   9  34  33.7  37.75  121.95  2.9
80  11  22   2  55  18.9  36.56  121.07  2.8
80  11  22  11  48  49.7  36.55  121.09  3.0
80  11  24   5  49  31.4  36.86  121.62  3.0
80  12  13  18  53  41.4  36.88  121.65  2.5
80  12  15  11  19  22.0  36.46  121.07  2.5
80  12  18   2   6   6.5  37.88  121.71  3.0
80  12  24  12   0  11.3  36.94  121.44  3.4
80  12  24  12   8   9.4  36.94  121.44  2.7
80  12  31  12  16  29.5  37.69  122.12  3.5
81   1   5   2  52  18.3  37.95  122.07  2.8
81   1   6  20  22   2.4  36.64  121.31  2.5
81   1   7  11  42  33.1  36.86  121.62  4.5
81   1   7  18  34  35.8  36.86  121.61  2.9
81   1  15  12  47  51.6  37.38  121.72  4.8
81   1  15  12  50  46.9  37.37  121.73  3.0
81   1  27  22  10  53.9  36.84  121.63  4.1
81   1  28  19  13  38.7  36.82  121.64  2.7
81   1  31   5  23  20.6  36.24  120.24  3.5
81   1  31   6  30  15.4  37.17  121.54  3.4
81   2   7   3  53  46.6  37.18  122.06  2.6
81   2  11   0   7  54.4  37.89  122.00  2.6
81   2  11   8  47  28.4  37.86  121.78  3.0
81   2  14  11  39  51.9  37.11  121.54  2.8
81   2  21   4  15  53.0  36.84  121.64  3.0
81   2  21  14   4  43.3  36.90  122.19  3.0
81   2  22  15   8  50.8  37.10  121.53  2.8
81   2  23   2   0  48.7  37.11  121.52  3.1
81   2  23  13   7   8.8  36.12  120.40  3.0
81   2  24   2  42  49.5  36.88  121.62  2.7
81   2  24   2  56  10.5  36.88  121.61  2.8
81   2  24   9  12   0.7  36.85  121.62  3.1
81   3   1   7  15  34.5  37.57  121.69  2.7
81   3   1  11  40  27.1  36.15  120.76  2.5
81   3   3  10  45  12.9  37.56  121.94  4.4
81   3   3  10  57  19.5  37.56  121.94  3.0
81   3   8  10  28  35.3  36.86  121.64  2.9
81   3   8  23  15   0.5  37.32  121.69  2.7
81   3  10  23  56  34.3  36.87  121.64  3.3
81   3  15  11  21  39.3  37.84  121.77  2.8
81   3  20  22  54  12.6  36.98  121.72  2.8
81   3  25  16  58  16.7  37.57  121.68  2.9
81   3  28  20  28  36.4  36.78  121.38  2.8
81   4  11  23  47  10.9  37.76  121.76  3.4
81   4  25  19  41  37.4  37.10  121.87  4.1
81   5   6   9  16  29.2  36.82  121.59  2.6
81   5   8  22  24  56.6  37.36  121.64  2.6
81   5  11  11  50  28.8  37.73  122.13  2.6
81   5  17  19  17  26.6  36.97  121.45  3.0
81   5  18  14  39  15.2  37.88  122.00  2.8
81   5  20  17  21  31.2  36.98  121.03  3.9
81   5  20  18  37  52.4  36.99  121.04  2.9
81   6   3  19  59   0.9  37.83  121.79  2.8
81   6   8   3   9   5.5  36.74  121.36  4.3
81   6  14   7  50   6.9  36.85  121.63  2.6
81   6  14   7  55  14.3  36.84  121.63  2.8
81   6  25   0   1  21.0  36.50  120.62  2.8
81   6  26   1  43  27.2  36.55  121.22  3.1
81   6  28  16  33  57.3  37.41  121.78  2.5
81   7  14  18  28   7.4  36.60  121.25  2.7
81   7  18   8  51  23.6  36.82  121.56  3.0
81   7  25  21  48  13.5  36.56  121.06  3.0
81   8   4   3   5  42.0  37.06  121.49  2.5
81   8   4  13  27  10.2  36.71  121.40  3.1
81   8   5   8  41  52.8  36.55  120.83  2.6
81   8   6  21  35  46.7  36.56  120.81  2.7
81   8  14  12  49  59.7  36.78  121.28  4.2
81   8  15   9  22  52.0  36.83  121.59  2.6
81   8  20  12  55   9.2  36.72  121.42  2.6
81   8  21  12   0  35.0  36.82  121.58  2.9
81   8  27  10   1  24.7  37.84  121.79  2.9
81   9   8   6  45  32.4  36.53  121.16  2.6
81   9   9   6  54   4.7  36.77  121.56  2.9
81   9  12  15  49   4.2  37.14  121.53  2.9
81   9  14   8  19  39.0  36.66  121.33  3.3
81   9  21  12  41  21.4  36.65  121.32  2.9
81   9  24  14   0  26.4  36.79  121.57  3.2
81   9  28   5   2  43.1  36.57  121.07  2.6
81   9  28   7  34  39.3  36.79  121.56  4.0
81  10   1  19  22  29.7  36.57  121.21  2.7
81  10   2   5   5   9.3  37.89  121.70  2.5
81  10  21  10  42  10.0  37.32  121.69  2.7
81  10  24   3   3  16.4  37.36  121.69  2.7
81  10  25  23   8  58.1  36.79  121.55  2.7
81  11  16   2  58   2.8  36.63  121.29  2.7
81  11  16   7  29  53.6  36.42  121.04  3.2
81  11  16  19  47   6.1  37.05  121.48  2.9
81  11  27  19  15  27.0  36.78  121.54  2.5
81  12   4  13  34  28.2  36.15  120.76  2.7
81  12  11   5  42  37.0  36.40  121.02  2.6
81  12  12  15  11   9.3  37.38  122.27  3.7
81  12  12  15  54  39.1  37.38  122.28  2.5
81  12  16  16  23  32.7  36.54  120.81  2.7
81  12  18  14  41  44.9  38.30  122.60  3.1
81  12  20   7  41  49.7  38.29  122.64  3.0
81  12  20  15  29  56.1  38.29  122.61  2.7
