  -280.0610   145.7   -43.0    -3.0   2.5  6903262232  7.62
  -270.3709   103.2   -41.4    -1.5   2.4  6904051505 51.36
  -267.8986   145.8   -51.1    -7.7   2.1  6904080226  4.30
  -267.7158    80.5   -41.7    -0.8   2.2  6904080649 18.18
  -263.8599   142.9   -46.2    -3.8   2.2  6904120321 45.63
  -254.4052   105.3   -41.1    -1.2   2.9  6904211416 35.51
  -251.4973   103.5   -47.8    -1.0   2.3  6904241203 57.91
  -251.4933   103.7   -41.7    -1.5   2.4  6904241209 35.50
  -245.1437   104.9   -44.5    -1.2   1.9  6904302033  2.53
  -241.6076   103.0   -43.3    -3.0   2.4  6905040925  4.54
  -208.6064   143.3   -43.5    -7.6   1.8  6906060926 43.71
  -161.8766   131.0   -55.0    -2.5   2.3  6907230257 38.91
  -156.3368   132.0   -55.0    -1.0   2.2  6907281555  1.88
   195.5818   133.7   -43.1   -12.7   1.2  7007151357 57.51
   254.5602   117.8   -36.9   -13.2   1.5  7009121326 52.29
   289.6827   103.0   -39.4    -1.5   2.0  7010171623 14.59
   289.7026   101.1   -39.6    -0.2   1.8  7010171651 48.17
   333.5339   103.5   -41.2    -0.9   2.5  7011301248 53.84
   334.9611   102.6   -39.3    -3.0   2.0  7012012304  1.87
   356.3709   118.3   -51.3    -3.0   2.0  7012230854 14.36
   358.8674   117.9   -49.9    -0.5   1.3  7012252049 12.97
   412.8347   118.4   -49.5    -1.5   1.7  7102172002  9.31
   424.0649    67.0    19.1    -3.0   2.6  7103010133 31.76
   433.9734   119.3   -50.9    -3.0   1.5  7103102321 52.75
   443.0443    59.1    24.8    -0.5   2.3  7103200103 57.12
   477.2422   117.9   -50.1    -3.9   1.1  7104230548 56.35
   480.1932    71.6    16.9    -0.1   2.5  7104260438 18.97
   571.8232   137.6   -42.1   -21.6   0.8  7107261945 27.58
   594.9891    69.0    12.3    -1.9   3.2  7108182344 24.96
   601.4326    74.4    26.0    -0.8   2.2  7108251023  0.13
   673.3535   143.3   -42.8    -3.0   1.5  7111050829 30.44
   706.2798   106.8    36.2    -0.8   1.5  7112080643  7.18
   714.5115    76.5    23.3    -1.5   1.6  7112161216 38.01
   727.5846    77.0    13.5    -1.6   1.6  7112291402  0.95
   757.7495   121.4   -47.9    -6.0   0.7  7201281759 36.01
   759.5625   102.4   -25.1   -11.6   0.9  7201301330 13.07
   775.4746   123.4    10.7    -4.1   1.6  7202151123 42.32
   823.1544    64.0    19.5    -0.3   1.5  7204030342 39.04
   853.2140    54.1    19.2    -1.5   2.2  7205030508 27.02
   889.0150    57.1    12.0    -1.5   1.6  7206080021 46.95
   923.4762    55.7    15.6    -1.5   1.7  7207121125 55.93
   951.4277    59.3     3.7    -0.7   1.5  7208091016  0.80
   967.5967    65.4     8.6    -1.5   2.3  7208251419 26.14
  1003.1731    68.8    36.2    -0.4   2.1  7209300409 29.08
  1050.0627    58.5    29.2   -10.0   2.5  7211160130 35.51
  1050.0627    56.9    21.8    -1.5   2.2  7211160130 36.86
  1072.0154    20.4   -52.5    -0.7   1.8  7212080022 16.46
  1076.7456    56.3    23.4    -1.5   2.0  7212121753 59.30
  1085.1512    68.6    16.0    -1.5   1.9  7212210337 54.75
  1086.9285     8.8   -50.6    -1.5   2.2  7212222217 19.50
  1127.1969    72.6    13.8    -0.6   1.8  7302010443 44.56
  1317.0009   130.9   -51.9    -7.2   0.6  7308100001 24.15
  1327.1243    56.4     5.5    -0.2   2.0  7308200259 18.28
  1340.2585    61.2     4.4    -1.5   1.9  7309020612 28.10
  1354.7501    77.2    18.2    -0.1   1.8  7309161800 17.28
  1357.6024    77.4    10.6    -3.0   1.8  7309191427 44.42
  1363.8140    74.3     9.3    -1.5   1.8  7309251932 14.86
  1529.6499   112.0   -50.7    -1.5   1.2  7403101536  3.74
  1551.4561   105.9   -28.2   -11.9   1.3  7404011056 59.70
  1595.2816   101.2   -36.9    -3.0   2.1  7405150645 34.39
  1772.4011    81.0   -30.9    -3.0   1.8  7411080937 47.70
  1920.3198    95.1   -42.9   -12.4   1.9  7504050741  4.76
  1924.5366   122.3   -42.7    -1.5   1.2  7504091253 15.88
  1973.9563   125.8   -12.0    -3.0   1.5  7505282257 26.90
  2010.9897    73.1    19.8    -6.2   1.2  7507042345 23.15
  2016.5439    72.9    19.5    -6.4   2.0  7507101303 49.62
  2017.1191    63.2    23.5   -18.9   1.0  7507110252 11.89
  2017.3110   118.7    32.2    -1.5   1.5  7507110728 35.35
  2023.7732    64.6   -11.0    -4.3   2.7  7507171833 59.55
  2024.9490    63.1    21.1    -3.2   2.6  7507182247  1.24
  2044.2114    67.0    17.8    -6.6   1.8  7508070504 42.64
  2047.7004    53.1    17.3    -4.3   1.7  7508101649 17.26
  2057.9375    76.3   -28.5   -11.9   1.8  7508202230 22.10
  2064.2239    53.7    17.9    -6.8   1.3  7508270522 51.38
  2067.2029    70.8    29.4    -5.1   2.1  7508300452 46.43
  2077.5388    96.2    25.5   -14.8   2.0  7509091256  4.72
  2077.7051    22.1    43.8    -4.7   1.7  7509091655 46.97
  2091.0259     5.6   -33.2   -10.0   1.0  7509230037 26.52
  2111.4148    65.8    16.5    -3.8   2.4  7510130957 21.87
  2118.9167    58.5    10.5    -8.0   1.7  7510202200 39.78
  2130.3916    43.6    20.8    -6.8   1.7  7511010924  7.13
  2143.4785    72.3    29.8    -8.9   1.5  7511141129 30.44
  2152.9128    72.3    24.9    -7.3   1.1  7511232154 58.93
  2171.4392   104.7   -42.3   -12.2   1.7  7512121033  2.00
  2180.8813    50.1    19.5    -3.0   1.5  7512212109 26.64
  2201.1497    73.9    20.2   -15.6   1.5  7601110335 49.37
  2268.1458   114.6    30.8    -3.0   1.7  7603180330  3.65
  2268.2024   113.8    30.8    -1.5   1.5  7603180452 12.01
  2268.9951    58.8    37.5    -6.8   1.3  7603182353 39.15
  2279.2769    64.3    19.9    -5.9   1.9  7603290638 50.37
  2290.6907    23.8    -5.6    -0.8   1.6  7604091635 13.56
  2298.5110    72.4    47.6    -2.0   1.5  7604171216  6.78
  2300.2900    66.5    17.8    -8.9   0.3  7604190657 57.46
  2302.9397    59.2    38.0    -3.2   2.1  7604212233 46.50
  2318.7209    75.5   -29.8   -12.4   1.9  7605071718 40.80
  2324.1892    62.5    15.9    -6.8   2.2  7605130433  0.89
  2324.3677   103.3   -42.6   -11.1   1.6  7605130849 59.43
  2324.4402   103.3   -40.4   -15.6   1.8  7605131034 27.72
  2324.4451   102.5   -42.0    -1.8   1.8  7605131041 32.46
  2326.5447    72.7    23.0    -4.6   3.0  7605151304 53.56
  2327.7388    60.6    16.5    -6.6   1.3  7605161744 10.14
  2328.0547    49.9    28.2    -3.7   2.1  7605170119  5.28
  2357.3804    52.9    14.1    -0.5   3.0  7606150908  4.90
  2367.3447    65.6    19.1    -8.5   1.1  7606250816 57.83
  2372.9304    88.6    33.3    -9.7   1.3  7606302220 25.07
  2378.4629    81.6   -48.3   -11.4   1.0  7607061107 11.11
  2383.1030   107.3    37.9    -3.0   1.4  7607110228 51.98
  2383.3552    36.3   -28.7    -1.5   1.3  7607110831 53.27
  2388.9395   106.8    38.0    -3.0   1.4  7607162233 35.99
  2395.8843   148.9    30.6    -1.4   1.6  7607232113 56.46
  2397.2175   104.1   -35.2    -0.8   1.4  7607250513 42.88
  2399.8335    64.6    18.6    -3.8   1.7  7607272000 36.41
  2400.7881    82.0   -34.6    -1.5   2.3  7607281855  3.75
  2400.8328   103.0    54.6    -8.0   1.0  7607281959 50.28
  2412.7986    76.0    28.1    -9.1   1.1  7608091910 38.49
  2423.0007     4.1   -45.9    -0.4   2.3  7608200001 37.63
  2430.0078    69.6    20.5   -17.6   0.9  7608270011 27.04
  2430.7351   119.3    37.1    -3.0   1.9  7608271738 44.57
  2430.7676   119.9    37.4    -2.7   1.8  7608271825 34.40
  2433.5195    58.8    29.5    -2.8   2.3  7608301228 36.21
  2433.6899    61.9    16.6    -3.0   3.0  7608301634  1.55
  2501.7476    65.2    22.5    -2.5   1.2  7611061756 52.23
  2508.5266    50.6    18.5    -8.2   1.2  7611131238 31.64
  2524.2793    55.5    13.1    -4.8   0.8  7611290642 37.42
  2525.4827    64.1    15.1    -9.2   0.4  7611301135 33.12
  2526.2920    57.0    15.9    -3.7   0.2  7612010701  8.04
  2528.6228    71.7    24.2    -4.1   1.7  7612031457  7.70
  2529.1309   119.2    35.3    -2.7   1.6  7612040308 43.36
  2536.1467    53.3    21.6   -10.5   0.9  7612110331 23.68
  2538.3660    65.6    15.9    -5.6   3.1  7612130847 29.41
  2539.7366    72.4    17.3    -5.7   1.1  7612141741  2.87
  2542.4338    50.4    18.7    -5.5   1.8  7612171025 10.63
  2543.5879   122.7    37.2    -4.9   2.0  7612181407 18.23
  2544.6602    58.7    25.3    -6.2   1.6  7612191550 53.99
  2556.5054    49.7    21.1    -9.5   1.6  7612311208  4.51
  2557.9138    25.0    28.4    -1.8   1.7  7701012156  5.19
  2558.7012    59.5    23.3    -5.4   1.6  7701021650 15.27
  2567.7583   103.2   -36.4    -4.3   1.2  7701111812  4.01
  2569.7927    69.4    24.0    -6.5   1.0  7701131902  8.95
  2572.5635    74.3    24.7    -7.9   0.8  7701161331 54.13
  2576.8828    71.1    29.7    -5.0   1.3  7701202111 37.63
  2579.9719    67.8    18.6    -4.8   1.4  7701232320  9.12
  2584.4719    64.3    15.2    -6.2   1.7  7701281119 42.40
  2598.1292    51.2    19.1    -8.0   1.8  7702110306  9.57
  2604.8979    48.9    18.4    -3.0   1.1  7702172133 25.47
  2610.1858    72.0    20.8    -6.7   1.6  7702230428 20.13
  2623.9175    68.1    25.1    -7.4   0.7  7703082201 44.24
  2625.4475    60.5    16.7    -6.4   2.0  7703101044 53.90
  2630.9417    60.3    17.3    -6.7   1.0  7703152236 36.79
  2630.9436   101.9   -41.3   -13.9   2.4  7703152239 33.96
  2630.9575   104.6     0.9    -6.5   2.7  7703152259 26.75
  2645.1931    65.4    16.1    -9.7   1.4  7703300438 22.39
  2654.9121    64.4    16.8    -0.5   1.9  7704082153 42.45
  2668.7717    52.4    18.9    -3.0   1.8  7704221831 27.41
  2675.6826    69.0   -20.8    -2.1   1.7  7704291623 30.84
  2678.5527    68.3    21.1   -12.0   0.9  7705021316 32.44
  2682.7273    73.6    27.7    -6.1   1.5  7705061727 48.84
  2683.6340    68.7    16.0    -6.4   2.1  7705071513 31.71
  2685.9934    57.6    24.3    -7.4   2.0  7705092350 43.46
  2688.4082    66.3    19.1    -3.0   1.6  7705120948 14.88
  2691.3257    62.2    17.2    -3.0   1.1  7705150749 33.00
  2693.1760    49.1    18.2    -1.5   1.5  7705170414  8.45
  2699.5061    73.9    25.4    -7.8   1.6  7705231209  0.91
  2703.0198    46.0    18.1    -6.7   1.7  7705270028 51.12
  2707.8650    59.2    16.1    -3.6   1.1  7705312046  5.39
  2718.6833    58.8    19.4    -6.9   1.7  7706111624 31.96
  2725.7388    86.6   -22.3    -0.1   2.3  7706181744 15.30
  2726.1409    68.2    30.6    -3.0   1.0  7706190323  0.23
  2729.6296    72.8    21.1    -4.7   2.3  7706221506 47.15
  2750.3052     2.0   -47.7    -2.9   2.0  7707130720  1.53
  2750.5342     1.0   -47.8    -0.3   2.2  7707131249 36.65
  2750.6062     1.1   -48.5    -1.0   2.4  7707131433 38.15
  2752.1589    57.5    12.5    -4.2   0.5  7707150349  9.69
  2752.2708    65.9    22.9    -4.3   0.4  7707150630  0.50
  2753.0593    62.7    18.2    -4.9   0.5  7707160126 19.23
  2754.7346     1.2   -43.9    -5.5   1.5  7707171738  8.94
  2755.2903    62.5    18.8    -1.7   0.9  7707180658 37.01
  2759.2656    55.6    22.7    -6.8   0.1  7707220622 42.94
  2762.2234    51.6    19.7    -1.6  -0.3  7707250522 19.55
  2764.4424    50.8    11.3    -2.8  -0.1  7707271037 22.28
  2766.2085    64.3    14.4    -8.3   0.5  7707290500 27.15
  2766.4082    51.7    18.6    -4.4   0.1  7707290948 18.53
  2771.6089    85.3   -33.6    -3.0   1.0  7708031437  9.45
  2774.3674    32.9    -9.4    -3.5   0.5  7708060849 36.71
  2775.6472    68.1    13.3    -9.4  -0.8  7708071532 11.20
  2777.0581    63.0    17.3    -3.8   1.1  7708090124 15.20
  2780.7302    47.0    12.5    -6.0  -0.4  7708121731 46.62
  2782.0005    71.4    26.4    -3.9  -0.4  7708140000 56.90
  2786.1270    51.5    18.3    -1.7  -0.6  7708180303 14.45
  2788.4656    70.1    20.8    -8.8   1.3  7708201110 43.09
  2791.2024     1.6   -48.8    -0.6   1.7  7708230452 16.52
  2797.5278    53.8    24.3    -8.1   2.8  7708291240 38.80
  2798.8865    61.4    17.3    -7.1   0.3  7708302116 54.67
  2800.0837    87.3   -23.9    -9.1   1.3  7709010201  3.01
  2803.7571    72.1    24.7    -7.2   0.0  7709041810 30.44
  2813.3711    46.9    21.8    -3.0  -0.4  7709140854 44.96
  2815.2651    53.6    13.3    -2.9   0.2  7709160622 16.98
  2816.0588    56.8    14.6    -4.6   0.8  7709170125  5.40
  2819.2268    54.9    18.0    -0.1   0.9  7709200527 11.38
  2821.6240    51.3    15.3     0.0   1.2  7709221459 11.88
  2822.8823    15.1    24.0    -6.2   0.7  7709232110 51.33
  2826.0581    64.0    19.3    -6.1  -0.9  7709270124 17.14
  2827.1111    69.8    18.7    -7.7  -0.5  7709280240 41.35
  2835.4104    58.2    24.4    -3.0   0.6  7710060951  6.22
  2838.0530    53.5    18.8    -1.8   1.6  7710090116 47.00
  2838.1213    36.3   -45.4    -0.3   2.9  7710090255 15.97
  2839.4963   123.7    32.8    -0.1   1.5  7710101155 13.77
  2839.6443    50.9    20.0    -7.9   0.6  7710101528 17.48
  2841.0020    47.1    34.9    -9.8   1.4  7710120003 16.91
  2845.9993    53.5    21.1    -2.3   1.8  7710162359 26.85
  2847.8179     6.7    32.4    -0.5   1.2  7710181938  3.17
  2848.0527    74.0    28.0    -3.9  -0.1  7710190116 38.88
  2851.3552    48.8    16.9    -5.9   0.1  7710220831 57.17
  2851.5962    61.9    22.8    -6.7   1.7  7710221418 42.95
  2855.0569    52.8    18.6    -1.5   0.0  7710260122 22.26
  2855.5649    73.4    23.3    -7.2   0.6  7710261334  2.87
  2855.6306    52.4    18.6    -0.8   0.1  7710261508 37.37
  2857.4275    73.4    23.8    -7.6   1.3  7710281016  4.15
  2861.2339    66.7    28.6    -8.2  -0.4  7711010537 12.32
  2861.5073    50.1    11.7    -4.8   1.1  7711011210 45.14
  2863.1833    62.0    19.3    -6.9   0.3  7711030424 22.79
  2863.7141    31.1   -47.4    -5.8   2.0  7711031708 44.55
  2864.1953    51.9    25.1    -1.8  -0.4  7711040441 57.67
  2864.9893    55.7    20.7    -7.3  -0.4  7711042344 57.98
  2865.9102    47.7    34.8    -3.0   1.1  7711052150 54.87
  2868.5076    20.2   -41.2    -8.6   2.2  7711081211 10.49
  2873.8093    17.5    16.0   -16.3   0.6  7711131926 17.88
  2883.2463    66.0    22.7    -7.9  -0.1  7711230555  3.10
  2884.4834    17.5    45.3    -3.0   0.8  7711241136 34.80
  2897.8459    59.4    27.5    -3.0   0.0  7712072018 34.62
  2899.3733    66.4    19.7    -5.5   1.1  7712090858 16.06
  2900.5593    63.1    22.7    -8.2   0.1  7712101326 16.46
  2912.2830    51.9    18.9    -6.6   2.3  7712220647 57.46
  2918.5696    42.3   -44.2    -3.0   2.1  7712281340 50.14
  2920.0759    69.2    26.8    -7.3  -0.5  7712300149 46.56
  2937.6274    70.9    20.8    -3.0  -0.2  7801161503 49.77
  2938.8203    61.5    16.1    -9.0   1.1  7801171941 50.68
  2939.4575    66.8    43.8    -1.3   2.2  7801181059 32.77
  2940.9158    53.4    18.0    -4.4   0.7  7801192159  2.03
  2946.0454    67.2    44.5    -5.2   0.2  7801250105 57.54
  2946.0476    67.0    43.5    -1.0   3.3  7801250109 20.80
  2946.3135    68.0    35.4    -5.5   0.7  7801250731 49.86
  2948.1890    72.2    23.9    -1.1  -0.1  7801270432 29.05
  2949.4639    50.0    18.2    -2.8   0.5  7801281108 41.32
  2951.7666    77.3    22.0    -5.8   0.4  7801301824  8.80
  2952.8835    55.9    17.3    -2.9   0.7  7801312112 39.84
  2953.5349    50.9    19.5    -4.0   1.2  7802011250 29.18
  2960.3303    57.8    18.8    -5.9   0.5  7802080756 20.96
  2964.5583    58.3    25.1    -5.0   0.7  7802121324 35.92
  2972.6243    54.5    26.5    -5.6   0.5  7802201459 32.76
  2978.2261    58.7    17.0    -5.2   1.8  7802260526  0.71
  2978.2351    57.0    31.2    -8.6   1.9  7802260539  8.24
  2980.5435    58.8    17.3    -4.3   1.4  7802281303 20.87
  2985.7820    49.5    18.8    -1.9   0.8  7803051846 35.72
  2990.3345    50.5    17.5    -4.3   0.9  7803100802 11.09
  2994.2852    58.2    17.0    -6.5   1.9  7803140650 46.12
  2996.1189    74.3    21.7    -6.4   1.6  7803160251 33.55
  3003.8542    52.5    20.7    -4.4   1.1  7803232030 39.02
  3004.3850    61.2    28.4    -5.8   1.1  7803240914 42.97
  3006.1101    59.3    19.2    -5.4   0.6  7803260239 11.57
  3017.8103    73.1    21.1    -6.7   0.1  7804061927 21.86
  3022.0959    71.8    24.3    -5.5   1.2  7804110218 26.40
  3023.5427    49.1    18.5    -3.0   1.6  7804121302 18.18
  3023.8237   118.2   -38.7   -10.1   1.8  7804121946 46.85
  3025.6487    50.5    19.7    -0.8   0.6  7804141534 35.07
  3025.7229    49.4    19.3    -1.6   1.0  7804141721 28.38
  3027.8228    57.6    28.0    -0.7   3.3  7804161945 16.90
  3027.8672    56.6    26.4    -5.7  -0.1  7804162049  2.92
  3031.5283    99.5   -18.0   -12.6   1.0  7804201241  8.64
  3037.1289    52.1    18.4    -3.7   1.0  7804260305 54.41
  3038.4641    52.1    17.4    -3.7   0.7  7804271108 45.09
  3039.9705    65.0    19.0    -4.6  -0.4  7804282317 47.06
  3047.2104    56.0    19.3    -5.2   1.2  7805060503 34.01
  3054.9346    51.6    18.3    -3.3   0.9  7805132226 25.01
  3055.2612    51.6    18.3    -3.2   0.6  7805140616 38.01
  3060.0579    74.1    21.7    -8.5   0.5  7805190123 46.84
  3064.0640    67.0    14.7    -9.6  -0.1  7805230132 31.78
  3069.1570    61.7    17.1    -7.6   1.7  7805280346 25.84
  3077.5359    72.6    24.8    -7.5   1.6  7806051252  8.20
  3084.2544    50.5    18.4    -5.2   1.5  7806120606 40.35
  3105.8159    74.7    25.9    -8.0   1.7  7807031935 26.60
  3107.6243    75.0    22.1    -9.7   1.1  7807051459 31.69
  3109.2104    52.3    18.9    -3.0   1.5  7807070503 25.02
  3112.1387    54.4    13.0    -2.0   1.7  7807100319 49.54
  3114.4204    51.6    26.8    -7.7   1.7  7807121005 49.37
  3114.7183    69.1    22.1    -8.5   1.6  7807121714 50.56
  3114.8237    67.1    27.3    -1.5   0.3  7807121946 52.88
  3115.8914    26.3    37.0    -5.0   0.6  7807132123 53.10
  3146.5886    61.5    22.0    -9.8   1.4  7808131408  5.42
  3156.3533    71.0    24.8    -5.8   2.0  7808230829 17.12
  3175.4924    51.9    21.0    -9.7   1.2  7809111149 39.61
  3180.9133   128.5    47.4    -8.5   1.4  7809162155 28.73
  3188.5845    98.5    45.7    -8.5   1.6  7809241402 17.29
  3195.3020   120.4    30.9    -3.0   1.6  7810010715 31.82
  3196.4421    98.3    45.4    -8.3   1.3  7810021037 12.18
  3204.5029    98.9    44.5    -2.4   3.1  7810101204 27.93
  3205.8945    98.4    44.8    -7.6   1.2  7810112128 41.91
  3216.4700    67.1    19.5    -7.5   1.2  7810221117  3.87
  3232.1194   120.0    31.7    -2.4   0.3  7811070252 24.85
  3240.4060    53.6    13.2    -5.4   1.3  7811150944 54.26
  3245.3105    98.9    45.0    -8.3   1.4  7811200727 49.88
  3265.6963    55.2    14.1    -5.8   0.9  7812101643 15.27
  3282.0579    52.4    22.4   -12.9   1.0  7812270123 53.99
  3295.7285    51.2    23.8    -8.4   0.4  7901091729 26.72
  3304.6589    51.8     5.5    -9.1   1.4  7901181549 13.71
  3305.6213    98.6    44.0    -6.7   3.9  7901191455 15.97
  3305.6621    99.3    43.9    -2.8   2.7  7901191553 45.01
  3305.6941    98.5    45.2    -7.7   1.7  7901191640 11.14
  3305.7810    99.3    45.0    -6.0   2.1  7901191844 56.86
  3306.4380    98.8    44.9    -7.2   1.8  7901201031 11.62
  3307.0237    98.9    44.4    -5.9   2.1  7901210034 28.73
  3307.8608    98.9    44.0    -3.2   3.0  7901212040  6.14
  3307.9170    98.9    45.1    -5.9   1.0  7901212200 46.48
  3308.8010    72.0    25.3    -4.7   1.3  7901221914 14.83
  3309.3467    68.5    29.0    -4.2   0.9  7901230819 36.53
  3316.1409    64.0    13.3   -10.5   1.1  7901300323 10.81
  3316.6711    66.2    18.0    -5.1   3.0  7901301606 45.71
  3317.2241    71.8    22.5    -7.9   0.7  7901310523  8.97
  3317.6433    62.4    23.9    -8.9   0.7  7901311526 51.80
  3323.1926    98.8    44.0    -3.5   2.8  7902060437 58.63
  3326.0500    62.5    21.0    -1.5   1.1  7902090112 41.01
  3331.6843    52.0    19.6    -3.0   1.8  7902141626  1.78
  3335.9951    65.4    15.8   -10.9   1.4  7902182353 23.77
  3345.9680   147.0   -30.5    -3.0   1.9  7902282314 39.84
  3359.0059    52.7    17.6    -2.1   1.6  7903140008 58.00
  3361.6304    44.6    18.1    -4.0   1.8  7903161508  8.41
  3362.1599    98.7    45.1    -7.4   1.6  7903170350 26.29
  3377.2261    40.2    19.8    -7.4   1.7  7904010526  7.72
  3383.2585    54.5    16.7    -7.0   0.9  7904070612 37.77
  3390.3022    98.7    44.6    -8.1   2.0  7904140715 44.07
  3397.5125    99.2    44.7    -6.1   1.8  7904211218 15.21
  3399.9124    60.2     0.5    -1.3   1.9  7904232154 12.70
  3402.0901    61.2    16.0    -6.3   0.5  7904260210 14.73
  3408.2068    50.8    19.0    -8.3   1.6  7905020458 24.84
  3416.3469    71.4    24.6    -6.7   1.7  7905100819 47.04
  3417.5876    66.7    19.7    -5.9   1.0  7905111406 25.07
  3425.3723    54.5    22.8    -8.9   2.3  7905190856 31.00
  3448.6941     3.0    48.8    -0.2   2.0  7906111640 10.65
  3452.0774    60.8    14.0    -5.5   0.8  7906150151 47.40
  3473.7571    49.4    18.6    -4.7   2.5  7907061810 32.45
  3483.8145    50.9    22.4    -3.0   0.1  7907161933 27.37
  3488.1804    59.8    23.6    -3.0   0.7  7907210420 21.14
  3498.0620   126.9   -26.0   -11.5   1.9  7907310129 53.30
  3500.3523    60.1    20.8    -6.8   1.1  7908020827 46.76
  3518.6653    75.8    22.9    -3.0   1.7  7908201558 26.70
  3540.6411    59.3    15.1    -8.4   0.2  7909111523 29.28
  3567.2627    73.6    21.7    -8.5   1.1  7910080618 30.05
  3600.2034    70.9    24.4    -0.1   3.2  7911100453 29.82
  3601.0298   119.4    29.9    -0.2   2.7  7911110043  9.50
  3601.0327   119.4    27.7    -9.7   1.5  7911110047 26.26
  3601.1555   118.1    29.4    -3.0   1.6  7911110344 17.81
  3601.8179   119.1    29.5    -3.0   1.7  7911111938 13.76
  3601.8215   119.1    30.5    -0.4   1.8  7911111943 36.70
  3602.0925    70.7    22.9    -9.0   1.4  7911120213 46.30
  3607.3445   119.5    29.6    -3.0   2.1  7911170816 34.79
  3607.3718   124.7    37.4    -7.4   1.7  7911170855 52.39
  3620.0676    44.3    18.2    -1.6   1.6  7911300137 51.83
  3620.0728    43.2    18.1    -0.6   0.5  7911300145 11.24
  3624.8967    70.6    26.9    -9.3   2.6  7912042131 23.74
  3628.1565   118.1    30.2    -1.5   1.3  7912080345 37.23
  3636.6311    59.8    15.6    -5.9   0.9  7912161509 12.79
  3636.8442    50.8    20.0    -2.7   1.9  7912162016 13.38
  3642.9651   119.5    29.2    -3.0   1.5  7912222310  2.55
  3645.4373    51.3    17.8    -3.5   0.6  7912251030  9.25
  3651.2920    75.2    40.2    -3.0   1.3  7912310700 44.25
  3651.3105    75.4    40.5    -3.8   2.6  7912310727 48.85
  3654.3083    50.7    19.8    -2.5   0.8  8001030724 29.91
  3656.9475    59.5    24.0    -7.0   0.6  8001052244 55.09
  3660.4438    20.9    -2.0    -1.5   1.5  8001091040 -0.11
  3660.8462    55.3    19.9    -5.1   0.9  8001092018 49.64
  3661.4988    72.7    30.5    -5.4   1.4  8001101158 48.57
  3662.8452    75.9    38.1    -0.5   1.4  8001112017 26.45
  3670.9761    49.6    19.8     0.0   0.8  8001192326  2.90
  3678.2585    51.1    19.7    -3.6   1.1  8001270612 33.22
  3685.0286    54.8    25.2    -5.5   0.4  8002030041 30.09
  3694.8545    30.0    28.3     0.0   1.2  8002122030 50.72
  3694.8662    28.3    28.2    -1.6   1.4  8002122047 50.99
  3698.5637    46.8    17.6    -3.3   1.2  8002161331 70.14
  3699.5952    27.5   -55.0    -6.0   2.1  8002171417 36.04
  3700.8616    95.5     8.6    -7.3   1.7  8002182041  9.87
  3700.8733    97.6     9.1   -13.7   2.0  8002182058  9.78
  3711.6702    71.9    28.4    -5.3   2.3  8002291605 26.19
  3715.6763    63.0    20.4    -3.3   1.1  8003041614 30.74
  3718.1235    68.7    25.9    -2.0   2.5  8003070258 32.02
  3725.5781    54.2    25.1    -1.9   1.6  8003141353 19.43
  3736.3809    28.7     7.0   -10.0   0.9  8003250909 16.13
  3739.5874    49.8    21.3    -4.7   1.4  8003281406 66.46
  3752.1396    73.8    39.3     0.0   1.8  8004100321 64.81
  3766.8735    40.1    28.3    -6.8   2.3  8004242059 39.57
  3774.9219    51.4    20.4   -22.5   1.2  8005022208 21.05
  3789.8569    48.3   -10.6    -8.3   1.8  8005172034 43.17
  3792.4380    69.9    29.5   -11.7   1.3  8005201032 -4.37
  3805.3032    43.2    49.1    -8.4   1.8  8006020717  5.75
  3837.9702    79.8    35.7    -8.3  -0.1  8007042317 58.62
  3852.1899    62.8    -3.2   -12.8   1.5  8007190434 22.66
  3868.7026    63.8    20.1    -9.5   0.5  8008041652 55.95
  3869.5786    71.8    18.5    -3.1   1.9  8008051354 34.70
  3879.9893    70.0    19.9    -2.2   0.3  8008152345 36.58
  3893.1123    62.2    18.7    -3.0   0.4  8008290242 53.70
  3906.8604    67.0    18.2    -7.9   1.2  8009112039 43.15
  3909.5156    60.7    20.2    -4.8   0.9  8009141223 28.59
  3913.8560    67.1    19.0    -6.1   0.7  8009182033 49.31
  3914.1235    67.3    20.6    -6.4   0.5  8009190259 17.09
  3921.3271    57.3    22.3    -0.5   0.1  8009260751 51.91
  3923.9404    57.4    28.6    -2.0   1.4  8009282235 35.41
  3924.1621    57.4    28.5    -0.7   2.6  8009290353 52.99
  3924.1699    57.2    28.7    -1.1   0.4  8009290405 41.67
  3940.7173    27.7   -10.8    -1.0   1.7  8010151714 23.32
  3943.9854    67.6    19.0    -4.4   1.8  8010182339 66.61
  3944.6357    60.2    21.6    -5.6   0.7  8010191515 51.66
  3960.8867    29.4   -21.7   -33.4   0.2  8011042117 14.00
  3964.2900    68.8    25.6    -6.1   0.3  8011080658 15.81
  3965.1079    69.5    19.8    -8.2   2.7  8011090236 16.98
  3968.7500    51.1    21.1     0.0   0.3  8011121800 31.63
  3974.6621    55.7    14.4    -3.1   1.7  8011181554 28.69
  3976.2334    52.0    24.6    -4.1   0.5  8011200537 31.73
  3979.0356    72.4    26.0    -4.2   0.4  8011230051 43.67
  3980.2305   114.1    49.1   -12.9   1.2  8011240533 32.54
  3988.4253    61.1     9.4    -0.6   0.4  8012021012 68.37
  3989.9897    64.9    20.5    -2.2   2.2  8012032346 22.94
  3993.3970     9.8    45.4    -1.6   0.8  8012070932 11.60
  3995.9565    58.2    27.2    -4.6   0.1  8012092258 31.35
  4005.4585    59.6    21.8    -0.7   0.4  8012191100 50.81
  4005.8652    57.9    17.3    -3.2   0.2  8012192047 16.20
  4006.3560    68.8    22.2    -3.3   1.7  8012200833 52.53
  4015.4951    16.5    32.2   -13.7   1.8  8012291153 44.58
  4020.5024    99.3    44.0    -6.2   0.9  8101031204 38.27
  4034.8936    70.8    20.1    -3.6   1.6  8101172127 31.60
  4038.2480    60.2    16.2    -6.4   1.2  8101210558 22.47
  4040.0122   150.5   -34.4    -0.5   1.7  8101230018 12.33
  4051.0557    47.2    17.6    -4.5   1.2  8102030121 23.14
  4061.9683     7.6   -33.5    -7.8   1.6  8102132315 36.49
  4063.3418     7.1   -33.7    -5.8   2.6  8102150813 13.24
  4064.0967     7.4   -32.3    -0.9   1.5  8102160220 41.28
  4065.9131    65.8    19.2    -3.8   0.2  8102172155 30.99
  4066.2559     8.1   -33.7    -3.4   4.2  8102180609 38.71
  4066.3311     6.6   -35.1    -4.2   0.9  8102180757 31.02
  4066.4434     7.3   -33.5     0.0   2.0  8102181039 11.16
  4071.1821    92.1     6.7    -6.9   2.0  8102230423 40.42
  4071.4404    61.3    14.6    -0.6   0.4  8102231034 54.99
  4078.4814     8.2   -33.5     0.0   2.8  8103021134 24.59
  4082.5957     8.6   -33.5     0.0   2.9  8103061418 67.26
  4082.7036    74.3    24.8    -6.7   1.4  8103061653 68.31
  4082.9253    78.4   -52.3     0.0   1.4  8103062213  9.90
  4085.1455    50.6    11.9    -7.7   0.9  8103090329 58.40
  4092.7524    58.7    26.0    -6.4   0.5  8103161804 41.88
  4093.0215    78.7   -50.5     0.0   1.7  8103170031 16.62
  4098.8691    27.8     4.4    -3.6   1.1  8103222052 45.80
  4099.9756    79.2   -51.4    -0.3   1.8  8103232325 62.06
  4106.8926    49.9    22.4    -2.7   0.3  8103302126 12.19
  4107.2476    62.7    13.7    -4.4   0.2  8103310557 13.24
  4108.6978    49.6    19.4    -0.5   2.7  8104011645 30.37
  4113.7637    61.5    28.4    -4.1   1.7  8104061820 36.75
  4115.8794   132.6   -38.7    -0.4   1.3  8104082106 48.26
  4117.7671    61.0    26.2    -4.3   1.3  8104101825 15.76
  4123.7612    67.4    25.5    -0.6   0.9  8104161816 43.76
  4124.1133   129.8    44.3    -0.5   1.5  8104170244 31.75
  4129.1240    74.9    42.4    -9.2   1.8  8104220259 61.63
  4130.0039    51.1    25.3    -3.3   1.1  8104230005 48.53
  4131.9932    59.7    -0.3    -0.2   1.9  8104242351 38.40
  4133.0605    47.6    21.1    -1.1   0.0  8104260128 10.48
  4137.3101    21.1   -10.5   -10.1   0.6  8104300727 14.16
  4141.1782    67.8    26.8    -7.0   1.1  8105040417 14.30
  4158.4482   101.2    -2.6   -11.4   0.6  8105211045 45.79
  4158.5635    66.5    30.1    -4.4   1.2  8105211331 44.99
  4161.5039    28.3     4.9   -10.5   0.9  8105241205 51.96
  4163.8818    53.7    17.5    -2.7   2.6  8105262110 23.91
  4166.6333    82.6    13.8    -1.2   2.5  8105291512 30.73
  4175.2241    72.7    20.0    -7.8   1.2  8106070523 65.85
  4178.7051    72.5    14.5     0.0   2.8  8106101655 61.97
  4192.1372    62.4    33.3    -8.2   1.3  8106240318 13.47
  4198.8555    58.9   -53.0    -0.3   2.0  8106302032 63.94
  4199.3003    50.7     9.1    -2.3   1.0  8107010713 25.94
  4201.6143    51.4    23.0    -0.8   1.2  8107031445 25.73
  4203.8701    28.9     1.6    -7.7   1.6  8107052053 59.43
  4205.7544    71.8    15.6    -0.3   2.2  8107071806 45.41
  4206.3169    28.1     1.9    -0.7   1.6  8107080737 25.43
  4206.3198    28.6     1.6    -5.5   1.4  8107080741 16.69
  4208.6226    65.9    16.0    -4.2   0.1  8107101457 41.54
  4217.9072    29.3     4.2    -7.5   0.8  8107192147 18.08
  4220.2539    53.5    30.9    -9.5   3.0  8107220605 50.38
  4220.2925    54.7    13.7    -4.8   0.6  8107220701 43.96
  4222.7480    50.3    20.3    -0.5   1.2  8107241758 13.75
  4228.6519    61.9    17.8    -0.5   2.3  8107301538 67.04
  4238.0005    71.0    18.9    -5.7   1.1  8108090000 50.52
  4238.6421    66.5    25.1    -4.6   0.4  8108091525 27.23
  4248.7539    86.3    45.3    -3.7   1.1  8108191806 28.10
  4252.4033    69.5    27.6    -0.5   1.5  8108230941 16.64
  4254.2983    29.4     2.9    -8.1   0.6  8108250710 25.61
  4259.9053    52.9    28.2    -4.6   0.1  8108302143 59.51
  4283.3423    52.6    19.2    -4.1  -0.1  8109230814 15.33
  4295.1304    89.0    27.6    -1.2   0.8  8110050308 20.65
  4297.7925    50.2    19.1    -4.7   0.8  8110071901 44.34
  4300.5693    26.8   -53.8   -10.9   1.6  8110101340 59.05
  4300.6279   112.5   -35.9   -15.8   0.9  8110101504 66.21
  4315.1392    60.4    28.7    -7.6   3.2  8110250320 63.67
  4329.1968    60.7    29.1    -5.9   2.0  8111080443 71.34
  4330.9937    52.6    24.7    -4.6   0.6  8111092352 24.27
  4332.5459    69.5    22.7    -0.6   1.8  8111111306 56.76
  4348.4722    49.5    19.9    -0.5   1.4  8111271120 71.72
  4350.5645    53.5    18.4    -1.4   0.6  8111291333 47.51
  4352.6099    71.7    19.3    -8.0   1.6  8112011439 16.44
  4359.0132    66.7    18.6    -5.0   0.9  8112080019 26.66
  4372.1152   103.7    36.0    -3.6   2.2  8112210246 61.16
  4386.3633    28.6   -29.8    -1.1   2.7  8201040843 51.98
  4386.8872    66.9    16.8    -4.1   0.9  8201042117 53.74
  4391.8423    92.1    52.8    -5.0   1.0  8201092014 32.96
  4392.0088    67.6    22.7    -0.7   1.0  8201100013 34.77
  4395.0352    35.5     5.3   -17.3   0.6  8201130050 48.38
  4406.8359    78.0    26.2   -26.5   0.9  8201242004 61.34
  4409.1567    56.8    26.9    -0.6   0.8  8201270347 -0.70
  4412.1260    28.3     1.9    -9.1   1.0  8201300302  8.93
  4413.7285    29.0     2.5    -8.8   1.2  8201311730 18.90
  4415.7075    66.5    24.1    -0.6   1.3  8202021659 60.67
  4416.4009     2.1   -48.3    -1.3   2.5  8202030937 43.73
  4418.1177    62.3    18.1    -6.3   0.9  8202050250 33.47
  4421.0581    25.7     2.8   -12.0   0.9  8202080124 28.40
  4430.6436   103.6    19.6    -0.7   1.0  8202171527 22.35
  4431.1440    94.4    18.2    -0.8   2.8  8202180327 46.56
  4431.1621    95.1    17.5    -0.7   1.0  8202180353 65.98
  4431.1855    94.8    17.5    -0.8   1.1  8202180428 39.61
  4431.2041    94.6    17.4    -5.2   1.1  8202180454 56.59
  4431.5571    96.6    19.2    -0.9   0.9  8202181323  5.70
  4431.5791    94.6    17.5    -0.8   1.5  8202181354 72.18
  4432.4805    27.9     2.1    -4.2   1.1  8202191133 23.36
  4432.4961    28.7     3.4   -10.5   1.0  8202191155 24.65
  4441.7944    54.4    17.8     0.0   1.1  8202281904 52.94
  4442.0322     0.4   -49.5    -5.3   2.7  8203010046 60.96
  4445.9023    52.5    24.6    -6.5   2.4  8203042139 48.56
  4463.5044    80.1    40.6    -0.6   2.7  8203221207 13.89
  4469.9839    65.6    18.5    -5.0   2.3  8203282337 47.19
  4484.2744    41.9    23.8    -0.6   1.0  8204120635 65.75
  4492.9985   142.5    18.5   -21.3   1.6  8204202359 32.73
  4499.2178    66.1    20.8    -0.6   1.6  8204270514 66.51
  4510.2954    96.0     4.1   -11.0   1.5  8205080706 12.95
  4515.6372    48.5    21.8    -3.8   1.8  8205131518 20.29
  4515.9741    45.9    17.6    -0.6   1.3  8205132323 62.00
  4524.9224    70.9    19.6    -6.3   0.8  8205222208 63.79
  4529.9106    58.8    19.8     0.0   1.2  8205272151 45.21
  4544.8438    28.9     3.5    -8.4   1.2  8206112016 24.66
  4546.7510    60.9    14.6    -4.1   0.4  8206131801 49.32
  4553.0190    56.4    18.5    -0.9   1.5  8206200028  9.29
  4553.7671    60.8    18.1    -6.5   0.6  8206201825 24.09
  4553.8281    58.7    16.0    -4.1   0.2  8206201953 15.64
  4564.1523    52.2    25.1    -4.9   1.1  8207010340 13.88
  4566.1953    71.8    28.1    -3.7   1.2  8207030441 61.33
  4577.7954    50.6    -9.6    -0.8   1.6  8207141906  8.33
  4577.7959    44.7    -2.1   -22.2   1.6  8207141907  8.01
  4578.1260    77.0   -28.3    -1.0   2.3  8207150302  7.70
  4579.2407    60.9    20.0    -0.6   1.4  8207160547 68.26
  4579.7246    48.6    -5.4   -12.0   1.3  8207161724 33.10
  4600.0698    43.7    15.9    -6.0   1.5  8208060141 40.20
  4604.4302    52.7    18.2    -7.3   1.3  8208101019 54.89
  4605.8271    61.0    14.3    -8.5   1.0  8208111951 52.88
  4609.0815    65.7    18.2     0.0   1.1  8208150158 20.94
  4614.8823     4.2   -32.1    -8.9   1.2  8208202111 15.04
  4618.9600    46.7   -17.5    -7.1   1.3  8208242303 29.83
  4623.9341     9.8    46.1   -10.8   1.7  8208292226  2.64
  4630.0762   137.7   -22.0    -0.9   1.1  8209050150 30.91
  4633.6689    53.1    30.7    -0.7  -0.3  8209081603 53.92
  4643.5381    74.4    27.9   -18.0   0.0  8209181255 19.29
  4644.8774    71.0    19.3    -6.2   1.1  8209192104 14.70
  4647.5703    57.3    26.8    -0.6   1.1  8209221341 43.77
  4661.6357    67.9    23.0    -4.5   1.8  8210061516 27.46
  4665.7002    55.6    18.3    -3.5   1.0  8210101648 65.20
  4669.3696    60.8    23.9    -3.9   2.4  8210140853 39.98
  4669.3916    10.3    37.3    -9.6   2.2  8210140924 18.16
  4671.0630    29.7     2.0    -6.3   2.1  8210160131 15.75
  4671.0923    28.3     2.8    -4.9   0.9  8210160213 45.64
  4671.6006    53.0    17.3    -2.1   1.6  8210161425 55.12
  4673.8628    71.3    46.0     0.0   2.3  8210182043 31.26
  4680.2979   115.0    25.5    -0.5   2.3  8210250709 68.95
  4691.8604    68.8    29.3    -0.5   1.9  8211052039 65.41
  4702.0073    46.1    19.5    -0.5   0.7  8211160010 55.94
  4702.8188    63.9    17.9    -5.7   0.7  8211161940 22.34
  4706.0767    60.6    22.0    -0.5   1.4  8211200150 54.01
  4710.1914     8.1   -54.1    -0.3   2.1  8211240436 31.85
  4710.2305    66.3    18.3    -7.3   0.8  8211240533 27.56
  4719.4819    61.7    14.5    -0.5   1.7  8212031135 33.70
  4721.4678    34.2    52.2   -14.9   1.1  8212051114 52.66
  4721.4849    32.6    52.9   -11.5   0.6  8212051139  4.56
  4721.7124    51.2    18.3    -3.9   0.7  8212051707 36.33
  4725.2285    62.2    13.8    -0.6   1.0  8212090530 21.26
  4730.8247     7.9   -34.1     0.0   2.8  8212141948 11.27
  4740.3853    66.2    20.2    -3.5   2.1  8212240915 32.76
  4744.3774    69.6    19.4    -4.3   1.0  8212280904  9.93
  4748.4688    63.4    19.8    -0.7   1.8  8301011116 20.26
  4754.9653    58.9    52.5     0.0   1.5  8301072310 69.05
  4756.1523    72.1    25.2    -5.0   0.9  8301090339 63.43
  4758.7319    52.5    19.1    -4.3   1.7  8301111734 55.33
  4760.5420    52.1    23.8    -6.6   1.6  8301131300 58.35
  4762.1289    49.4     6.8    -4.3   2.2  8301150306 13.16
  4775.2744    71.1    28.8    -0.5   2.5  8301280635 69.62
  4783.8325    28.5     2.6    -9.3   1.4  8302051959 57.71
  4784.0996    46.6   -10.2    -8.2   1.7  8302060224 18.29
  4785.3730     1.3   -47.9    -0.5   2.4  8302070858 16.73
  4785.3779     0.5   -49.0     0.0   1.6  8302070904 55.75
  4788.8237    48.2   -10.9    -7.9   1.6  8302101946 46.41
  4794.9131    48.4   -11.3    -0.9   1.7  8302162155 34.17
  4806.1826    28.4     3.1   -10.1   1.6  8302280423 44.68
  4809.2485    27.3     2.2    -1.5   1.8  8303030558 57.98
  4833.8813    74.1    35.5    -8.0   2.3  8303272109 57.58
  4843.5049    74.0    27.9    -4.4   2.2  8304061207 46.20
  4845.0483    67.3    18.1    -9.4   0.6  8304080110 21.61
  4849.1553    26.9     2.4    -1.5   1.7  8304120343 44.16
  4850.0171    27.5     2.8    -7.8   1.8  8304130024 57.50
  4879.8188    53.9    20.8    -5.5   1.8  8305121939 43.50
  4890.8589    95.9     4.0   -10.0   2.1  8305232038 -5.19
  4896.5737     8.7   -53.9    -7.4   2.0  8305291347 38.56
  4908.7637    53.8    17.4    -4.9   2.7  8306101819 67.96
  4917.9077    28.3     2.0    -2.4   1.4  8306192147 64.25
  4923.9771    53.7    17.7    -4.7   1.2  8306252327 60.67
  4929.0786    68.5    22.2    -3.5   1.8  8307010153 45.63
  4932.0820    29.0     3.3    -8.5   2.1  8307040158 59.39
  4932.9004    57.9    19.2    -4.5   1.8  8307042137 13.28
  4934.4189    71.0    20.6    -6.7   1.7  8307061004 29.94
  4937.4087    61.1    22.1    -5.6   2.2  8307090949 18.01
  4951.1641    45.6    17.3    -3.3   1.5  8307230356 54.16
  4952.5972    67.4    22.5    -0.8   2.5  8307241420 51.79
  4953.3433    51.3    24.4    -3.7   1.5  8307250815 22.18
  4959.2441    63.0    26.6    -0.5   1.7  8307310552 55.51
  4961.4307    29.2    -0.4    -0.6   1.5  8308021021  8.23
  4965.7188    58.8    15.0    -0.5   1.6  8308061715 64.63
  4993.3970    73.5    29.8    -4.0   1.9  8309030932 16.59
  5003.8555    50.6    26.7    -3.9   2.4  8309132033 39.91
  5004.3765    54.8    24.0    -4.5   2.5  8309140902 62.81
  5004.4517    54.7    23.8    -4.7   2.6  8309141050 61.29
  5005.7749    59.1    22.5    -0.6   1.2  8309151836 36.65
  5010.4385    64.6    14.8    -0.5   1.5  8309201031 67.35
  5014.6851    25.3    12.4    -1.1   1.3  8309241627 18.20
  5015.3906    61.4    14.3    -6.1   2.1  8309250923 18.66
  5018.8135    47.2   -10.8    -8.5   1.5  8309281931 43.64
  5018.9434    84.3   -16.1    -0.9   2.0  8309282238 56.14
  5019.5259    28.1     2.5    -1.5   1.0  8309291237 57.90
  5019.5840    59.6    28.1    -5.7   1.6  8309291402 40.09
  5020.4536    81.1    25.3    -5.6   1.2  8309301053 64.90
  5028.0068    59.3    24.1    -0.6   1.5  8310080010 26.14
  5029.3770   125.4    38.0    -3.4   2.0  8310090903 24.23
  5034.9082    74.4    24.3    -4.4   1.6  8310142148 40.50
  5036.3237    57.4    19.8    -0.5   1.5  8310160747 27.17
  5038.4121     7.9   -33.4     0.0   2.1  8310180953 42.23
  5039.8408    55.1    20.1    -5.6   1.6  8310192011 64.29
  5046.4507    61.8    24.1    -0.6   1.6  8310261049 73.14
  5048.3315    26.7     2.5    -1.8   2.2  8310280757 51.74
  5050.9292    73.2    21.8    -0.6   1.0  8310302218 54.00
  5053.0005    70.2    22.5    -0.6   1.8  8311020001 17.98
  5054.6792    73.3    22.5    -0.5   1.7  8311031618 61.79
  5056.9023    49.8    21.7    -2.5   1.8  8311052139 55.32
  5059.0791    60.1    23.6    -0.6   1.5  8311080154 55.99
  5062.7959     1.1   -30.1    -4.2   2.0  8311111907 17.10
  5076.1655   116.3    37.4    -0.3   2.3  8311250359 34.31
  5077.3887    70.9    23.9     0.0   1.4  8311260919 56.08
  5082.4521    46.2    18.2     0.0   1.8  8312011051 48.26
  5085.5767    68.2    20.5    -3.9   0.6  8312041350 71.17
  5086.0020    93.5     9.1    -8.9   1.3  8312050003 21.59
  5088.8970    45.4    -8.7    -9.0   1.7  8312072131 45.20
  5090.5869    29.5     3.4    -9.7   1.9  8312091406 21.47
  5092.6147    56.2    14.0    -8.1   1.9  8312111445 42.66
  5094.2935    29.5     3.1     0.0   1.4  8312130703  6.23
  5100.5308   112.9    37.6    -0.6   1.9  8312191244 53.47
  5106.4619    65.4    23.5    -5.1   2.3  8312251106 37.59
  5109.8604    52.0    20.5    -5.1   1.2  8312282040 34.25
  5110.4365    53.7    23.6    -6.7   0.8  8312291029 17.84
  5111.0278    63.0    28.4    -3.0   1.3  8312300040 54.71
  5113.3604     4.7   -18.3    -9.9   1.7  8401010840 36.65
  5114.6948   106.7    -3.6   -13.2   1.8  8401021641 24.91
  5117.9854    28.6     1.3     0.0   1.7  8401052340 18.89
  5118.8403    65.6    21.5    -4.3   0.7  8401062010 67.52
  5119.4238    30.2     2.3    -7.6   1.7  8401071010 47.29
  5126.3530    14.0    48.0   -12.3   1.6  8401140829 39.89
  5130.1494    65.9    21.6    -6.7   0.4  8401180335 55.73
  5131.9570    60.9    20.7    -0.6   1.4  8401192258 69.88
  5132.1792    67.4    21.5    -3.3   1.2  8401200418 47.61
  5132.5771   121.7    31.2    -1.0   1.8  8401201352 30.82
  5134.7305    47.2    14.1    -1.5   1.8  8401221732 56.20
  5135.3115    18.7    42.8    -5.9   1.6  8401230729 11.43
  5138.8003    88.1    35.8    -0.6   1.9  8401261912 68.62
  5141.4717    47.8    14.4    -3.9   2.3  8401291120 31.29
  5148.4121    73.4    21.3    -1.8   1.6  8402050954 18.60
  5150.0786    56.8    18.1    -7.2   1.1  8402070154 17.05
  5152.9805    49.2    -9.8   -19.7   1.4  8402092333 22.96
  5156.9736    70.3    30.6    -5.7   1.4  8402132323 16.29
  5159.7744    48.7   -12.4    -4.0   1.6  8402161835 48.30
  5161.1631    45.8    18.3    -0.6   1.5  8402180355 12.41
  5162.0874    28.9     2.6    -7.0   2.3  8402190207 34.68
  5163.4004    74.7    24.1    -7.5   1.5  8402200937 29.12
  5166.3584    73.7    21.7    -3.5   2.0  8402230836 44.38
  5169.5474    59.4    24.3    -4.2   1.5  8402261308 57.88
  5171.1035    54.5    20.0    -7.3   1.9  8402280229 47.55
  5176.1509    68.9    23.0    -0.7   1.2  8403040337 48.38
  5177.2285    73.4    22.9    -7.0   1.1  8403050530 26.85
  5178.5537    55.7    15.6    -0.5   1.5  8403061318 30.03
  5186.2505    71.0    44.6    -0.6   1.4  8403140600 64.76
  5188.0952    66.7    17.3    -4.1   1.4  8403160217 69.60
  5189.7769    73.2    21.0    -0.2   1.2  8403171839 31.26
  5190.5596    50.4     8.8    -9.7   2.1  8403181326 46.43
  5197.0425    64.2    16.8    -0.5   2.2  8403250102 21.06
  5198.1602    54.6    25.0    -7.3   1.6  8403260351 25.91
  5205.9712    66.5    19.2    -4.9   1.3  8404022319 38.27
  5212.0171    61.4    18.5    -0.6   1.9  8404090025 28.77
  5214.1294    61.4     3.9    -8.0   4.3  8404110307 42.05
  5214.4458    73.6    27.2    -5.3   2.0  8404111042 48.74
  5226.0107    27.8     2.2    -0.7   2.0  8404230015 55.54
  5242.3916    70.0    29.0    -0.8   2.1  8405090924 37.06
  5247.8203    67.1    22.5    -2.2   1.3  8405141942 18.65
  5250.8047     5.6   -36.2    -6.5   1.6  8405171919 11.23
  5256.3237   128.6    37.7    -0.8   2.0  8405230746 46.73
  5261.5942    61.4    22.9    -3.4   1.9  8405281416 42.61
  5264.3135    55.4    22.5    -0.5   1.9  8405310731 70.22
  5272.9165    72.8    21.9    -2.1   1.7  8406082200 29.78
  5283.1665    56.9    20.8    -5.0   1.3  8406190400 21.94
  5290.7417    78.1    37.0    -0.3   1.9  8406261749 14.34
  5296.0093   150.3   -32.9    -9.9   2.4  8407020014 28.65
  5301.5835    70.2    24.5    -4.3   1.9  8407071400 46.15
  5309.3594    58.9    26.3    -0.6   2.0  8407150838 22.36
  5309.9746    63.8    22.1    -0.7   1.9  8407152324 35.62
  5310.0024    60.5    15.8    -0.6   2.0  8407160004 27.52
  5311.7466   150.6   -34.7    -0.7   2.1  8407171755 48.60
  5316.4897    65.2    15.8    -0.6   1.7  8407221146 39.47
  5317.2886    83.3    22.4    -0.5   1.5  8407230655 51.19
  5321.8037    72.6    25.7    -4.1   1.5  8407271918 19.06
  5322.6108    29.1     1.9    -0.9   1.9  8407281440 53.67
  5341.0806    52.9     8.7    -6.7   1.8  8408160156 45.92
  5341.1802   129.5    39.3    -5.8   1.9  8408160420 23.16
  5341.2393    16.0    41.9    -9.1   1.7  8408160545 17.42
  5349.1958     3.4    16.6    -0.8   3.0  8408240442 67.21
  5351.4756    69.8    23.7    -0.6   1.3  8408261126 26.90
  5354.0874    61.1    27.0    -0.7   1.7  8408290207 36.68
  5355.4570    69.1    20.6    -5.4   1.3  8408301059 31.66
  5356.3633    41.6    21.4   -20.2   1.9  8408310844  9.95
  5358.5054   121.8    34.7    -0.5   2.3  8409021208 38.67
  5358.5059   128.4    24.1   -10.7   1.8  8409021208 55.04
  5365.4253   117.7   -51.5    -0.7   1.7  8409091013 29.09
  5365.6035    62.6    23.9    -0.7   1.0  8409091430 37.12
  5369.6157    62.6    17.3     0.0   2.1  8409131447 44.57
  5370.6147    61.3    17.9    -0.6   1.7  8409141446 39.21
  5372.5645    67.6    17.4    -7.3   0.8  8409161333 49.08
  5379.2925    58.2    17.0    -2.3   2.1  8409230702 36.33
  5381.7202    60.6    17.0    -5.4   1.1  8409251717 56.81
  5386.0073    44.8    14.4    -3.9   2.1  8409300010 68.92
  5391.6255    69.9    21.2    -0.5   0.8  8410051500 68.62
  5394.0469    57.8     7.9   -10.2   1.3  8410080108 30.91
  5394.8027    56.6    25.0    -6.4   1.3  8410081916 58.16
  5396.1416   144.2    44.9   -15.4   3.0  8410100324 18.24
  5402.0171    60.0    26.0    -0.7   1.6  8410160024 69.87
  5405.9785    56.5    18.5    -4.0   1.2  8410192329 42.62
  5417.0635    68.9   -48.7    -0.3   2.3  8410310131 48.64
  5418.1938    69.2   -50.2    -0.7   2.1  8411010440 24.34
  5421.7178   121.7    24.9    -3.7   2.2  8411041714 54.09
  5428.7451    69.4   -50.4    -0.4   1.9  8411111754 39.61
  5433.8809    52.1    25.6    -0.2   1.4  8411162109 35.01
  5435.3232    55.3    28.8    -7.2   1.2  8411180745 59.25
  5446.3652    49.2    20.3     0.0   1.8  8411290847 15.72
  5446.3696    50.6    21.1    -0.5   1.4  8411290853 35.66
  5449.5786    75.9    27.6    -0.5   0.1  8412021354  8.61
  5453.7397    66.8    21.2    -4.6   0.9  8412061745 70.11
  5454.4419    69.7    24.9    -6.2   1.5  8412071036 58.55
  5459.0732    61.3    18.4     0.0   1.8  8412120146 19.25
  5459.7974    61.2    17.4    -7.1   1.5  8412121908 71.35
  5462.4546    68.6   -47.9     0.0   2.6  8412151055 14.82
  5463.7456    67.8   -49.0    -8.2   2.3  8412161754 54.89
  5464.1611    68.6   -47.7    -7.3   2.6  8412170352 47.62
  5464.6079    68.7   -50.1    -1.2   1.7  8412171436 38.89
  5466.7368    68.9   -48.6    -0.5   2.3  8412191742 41.64
  5469.2764    61.6    13.9    -4.9   0.1  8412220638 39.25
  5486.9971    68.6   -49.4    -0.6   2.8  8501082356 42.47
  5487.1182    69.1   -48.9    -0.6   2.8  8501090251 26.21
  5487.1772    69.6   -50.4    -0.3   1.8  8501090415 47.26
  5487.2397    68.5   -48.5    -0.3   3.3  8501090546 13.26
  5487.2520    70.3   -51.5    -0.3   1.4  8501090603 28.95
  5487.2534    70.8   -53.4    -0.3   1.3  8501090605 30.09
  5487.2666    69.8   -49.5    -0.3   2.1  8501090624 40.36
  5487.6255    69.7   -51.3    -0.2   1.8  8501091501  9.11
  5489.6982    27.9     2.1    -1.3   1.7  8501111646 41.85
  5489.8071    29.3     2.0    -7.0   1.4  8501111923 30.66
  5493.1870   124.6    32.7    -0.7   2.3  8501150429 54.09
  5497.1753    67.5    18.8    -7.1   1.4  8501190413 24.40
  5505.0557    63.9    17.8    -6.0   1.6  8501270121 29.00
  5508.2798   107.5   -37.5    -0.4   1.8  8501300643  5.08
  5509.1260    69.3   -49.0    -0.3   3.3  8501310302 35.09
  5509.5610    71.9   -54.9    -0.3   1.4  8501311328 61.14
  5509.7881    70.2   -54.8    -0.3   1.9  8501311855 18.88
  5511.3247    69.2   -49.3    -0.5   2.3  8502020748 16.06
  5511.9370    67.9   -48.7    -9.8   2.3  8502022229 68.31
  5513.1699    90.7   -33.5    -0.8   2.0  8502040405 11.06
  5514.8286    63.2    19.2    -0.6   2.1  8502051954 21.34
  5514.8320    63.7    17.8    -3.9   1.3  8502051959 37.25
  5514.8540    63.7    17.7    -4.2   1.2  8502052030 55.88
  5518.4648   116.1    31.7     0.0   2.6  8502091110 35.78
  5520.4155    65.8    18.3    -0.2   2.2  8502110959 30.91
  5521.3740    68.3    16.4    -5.9   1.4  8502120859 47.21
  5525.5767   108.3   -35.6   -10.8   1.7  8502161351 15.54
  5532.5205   112.0    28.6    -0.5   2.0  8502231230 12.45
  5534.7080    51.9    25.8    -6.5   0.9  8502251700 30.50
  5544.3809    62.7    17.7    -0.5   1.9  8503070909 36.85
  5545.3950    68.6    25.3    -4.1   1.4  8503080929 18.72
  5552.3940    68.7   -48.9     0.0   1.9  8503150928 37.61
  5560.8535    11.0    42.3    -1.4   2.6  8503232029 51.93
  5565.4897    46.8    18.8    -2.5   1.8  8503281146 20.32
  5574.9341   115.0    40.4    -0.6   1.5  8504062225 43.40
  5579.0513    57.8    26.8    -3.7   1.5  8504110114 56.97
  5579.9927    71.2    19.1    -0.7   2.7  8504112350  5.63
  5580.9434    77.0    36.7    -4.0   1.2  8504122238 60.30
  5605.0542    75.5    36.8    -0.5   1.4  8505070118 59.54
  5605.9238     4.8   -47.8    -2.2   1.5  8505072210 42.53
  5606.6255    61.4    25.0    -3.9   1.2  8505081501 28.04
  5609.2959    65.7    30.7    -0.6   1.3  8505110706 73.16
  5612.0503    80.3    54.3    -0.7   1.3  8505140112 51.26
  5614.0503    74.4    35.5     0.0   1.1  8505160113 41.18
  5619.0488    76.6    35.6     0.0   1.5  8505210110 42.76
  5619.2505   118.7    32.0    -1.6   2.1  8505210601 28.55
  5620.3452    57.8    23.5    -5.6   0.8  8505220818 41.70
  5621.0474    73.8    37.3     0.0   1.2  8505230108 44.02
  5622.3022    69.9   -49.6    -0.7   2.4  8505240715 61.23
  5626.8008    73.2    23.1    -6.2   0.7  8505281913 51.01
  5630.3325    51.9    19.4    -3.7   1.7  8506010759 63.66
  5630.6987    59.2    18.5    -0.6   0.8  8506011647 16.74
  5633.3062    70.8    24.1    -2.6   0.3  8506040721 58.57
  5633.4868    86.1   -29.8    -0.9   1.9  8506041141 49.84
  5637.1758    54.1    21.5    -5.8   1.2  8506080414 19.53
  5638.3896    49.7    20.9    -6.0   1.4  8506090921 45.84
  5639.6636   121.3    32.8    -0.3   1.9  8506101555 61.61
  5640.2896    60.1    18.8    -0.6   1.4  8506110657 26.39
  5641.2563    49.8    20.6    -6.5   0.8  8506120609 58.24
  5642.0508    76.4    35.7    -0.6   1.0  8506130114 39.31
  5646.2915    69.8   -49.1    -0.3   3.0  8506170700 17.26
  5646.5581    70.9   -53.4    -0.3   1.8  8506171324 20.01
  5646.6636    72.1   -51.1    -0.4   1.5  8506171555 47.63
  5646.9570    71.5    25.5    -4.1   2.2  8506172259 29.11
  5650.0420     7.6    32.8     0.0   1.3  8506210100 60.87
  5650.0547    76.0    35.6     0.0   1.4  8506210119 36.96
  5650.0693    71.7    19.0    -7.7   1.7  8506210140 56.35
  5653.9214    84.1    29.2    -9.7   1.7  8506242207 48.80
  5655.8623    86.0   -29.7    -2.3   2.5  8506262042 56.02
  5660.8794    25.2    -3.2     0.0   2.3  8507012106 57.28
  5675.1162    57.4    18.1    -0.5   1.5  8507160248 27.05
  5675.8398     7.8    32.4     0.0   1.2  8507162010 11.56
  5679.8623    51.7    15.7     0.0   1.5  8507202042 46.74
  5681.9795   116.3    30.4    -0.5   2.5  8507222331 27.28
  5683.9116   116.1    30.1     0.0   2.7  8507242153 18.64
  5684.6548    75.8    35.2    -0.5   1.5  8507251543 26.65
  5684.7368     8.1    34.1    -1.0   1.5  8507251742 33.98
  5687.8232    50.6    25.3    -6.7   2.1  8507281945 47.75
  5689.1709    64.7    19.8    -3.8   2.3  8507300407 25.26
  5691.0459    76.0    35.4     0.0   1.2  8508010106 56.26
  5691.5474    63.2    24.3    -4.5   1.1  8508011308 48.54
  5691.7305    54.9    24.0    -8.3   0.5  8508011733 29.63
  5691.8198   114.4    37.9    -0.6   1.5  8508011941 14.59
  5693.6357    57.6    21.7    -0.6   1.2  8508031515 65.77
  5697.7578     8.0    35.0     0.0   1.8  8508071811 43.58
  5699.7007    76.4    35.0    -0.5   1.6  8508091649 68.92
  5712.7402     7.9    35.0    -1.2   1.3  8508221747 41.68
  5718.1616    52.9    18.4    -2.7   2.1  8508280353 33.80
  5719.6597    75.7    35.3     0.0   1.2  8508291550 19.79
  5721.8350   116.3    35.3    -0.3   1.9  8508312003 16.03
  5722.4063   116.9    29.9     0.0   2.4  8509010945 27.78
  5724.3706    61.9    17.6    -0.6   0.7  8509030854 62.78
  5729.0244    76.4    35.4    -0.5   1.6  8509080035 57.51
  5729.1343   113.2    55.6    -0.8   2.1  8509080314 40.72
  5731.8965     8.1    35.2     0.0   1.5  8509102131 10.64
  5736.2271    66.6    42.2    -0.8   1.8  8509150527 50.17
  5738.8940    10.0    37.8    -7.7   1.2  8509172128 30.21
  5740.9067     9.3    34.8    -7.6   1.3  8509192146 25.33
  5741.3843    60.3    19.6    -0.6   2.1  8509200914 17.32
  5744.4707   120.7    34.8    -0.4   2.2  8509231118 64.55
  5746.3076   120.8    30.5    -0.5   2.1  8509250723 59.96
  5747.9468    75.6    35.4    -0.5   1.6  8509262244 31.92
  5748.0986    52.8    18.2    -3.5   1.0  8509270223 38.50
  5748.7983    85.9   -30.6    -0.2   2.0  8509271910 26.81
  5748.8052   120.8    29.9    -0.6   2.5  8509271920 15.39
  5751.2173    58.5    20.5    -8.2   1.0  8509300514 20.83
  5751.6982    65.0    24.7    -5.1   1.8  8509301645 51.62
  5751.9751    75.9    35.0     0.0   1.6  8509302324 70.14
  5752.6230    51.3    23.2    -8.4   1.1  8510011457 43.00
  5753.4556    61.0    17.7    -5.4   1.1  8510021056 59.66
  5757.1836    53.3    17.9    -3.3   1.1  8510060424 61.04
  5758.1084    51.1    23.2    -4.6   1.5  8510070237 26.84
  5758.6304    50.5    19.9    -7.5   1.1  8510071508 28.20
  5761.4204    55.2    27.7    -7.0   3.2  8510101006 40.72
  5762.6440   107.4    46.6    -0.5   2.1  8510111527 49.14
  5763.5923   120.4    30.0    -0.5   2.4  8510121414 37.24
  5774.6851     8.7    33.2     0.0   1.2  8510231627 18.03
  5776.7368    71.9    20.4    -0.5   1.3  8510251742 12.75
  5781.1519    71.1    24.0    -5.6   1.8  8510300338 55.67
  5783.1313    52.9    18.4    -6.8   0.4  8511010309 54.57
  5784.1025   129.9     7.2    -0.6   1.7  8511020228 44.40
  5788.1309   106.7    46.0    -0.6   1.9  8511060309 17.14
  5792.2920   120.5    30.2     0.0   2.0  8511100701 12.15
  5796.7544    58.9    19.6    -6.0   0.4  8511141806 44.44
  5802.4702    54.9    24.0    -7.7   2.2  8511201117 70.12
  5804.7563   124.5   -26.4   -20.8   3.2  8511221809 56.76
  5814.5645    50.7    19.0    -4.5   1.7  8512021333 61.02
  5814.9780    53.5    17.0    -1.9   1.2  8512022329 18.45
  5824.9414    55.9    15.0    -5.8   1.3  8512122236 16.84
  5830.8486    56.4    20.5    -5.4   1.0  8512182022 56.44
  5841.8672   125.0   -26.2   -18.3   2.1  8512292049 61.30
  5849.1709    52.9    18.3    -3.6   1.8  8601060407 39.03
  5864.7642    64.5    17.9    -5.7   1.1  8601211820 54.09
  5865.4214   115.8    22.0     0.0   2.1  8601221007 63.94
  5868.8169    56.1    22.5    -5.3   0.4  8601251937 34.74
  5871.9106    71.6    21.1    -7.4   1.6  8601282152 19.68
  5881.7734    12.6    14.2   -12.9   1.7  8602071834 23.53
  5886.8872    55.9    12.6    -3.4   0.3  8602122118 14.85
  5893.1880    60.3    15.2    -1.4   0.7  8602190431 25.50
  5896.7285    52.8    21.5    -6.6   1.4  8602221729 49.53
  5897.1182    51.5    18.5    -6.6   0.7  8602230250 64.13
  5898.9727    65.5    15.9    -6.0   1.3  8602242321 46.71
  5900.7202    63.3    20.4    -5.1   1.7  8602261718 28.43
  5902.8462    63.0    20.4    -7.6   1.4  8602282019 39.31
  5910.6509    75.3    25.1    -4.5   1.5  8603081537 57.65
  5912.5366    68.3    44.2    -0.4   1.6  8603101253 31.37
  5913.5669    75.2    25.4    -5.3   1.6  8603111336 57.58
  5919.3052    72.3    26.5    -0.5   0.9  8603170719 50.85
  5928.9810    53.9    16.0    -4.1   1.3  8603262333 48.03
  5930.9756    62.6    17.0    -2.9   1.3  8603282326 15.51
  5932.6865    46.7    18.3    -3.5   1.3  8603301629 16.94
  5941.4561    65.0    22.1    -4.9   1.9  8604081057 34.96
  5941.4561    57.9    30.0   -13.8   3.3  8604081057 37.58
  5942.2720    92.1    35.6   -11.4   1.8  8604090632 25.78
  5942.7148    78.4   -37.5    -3.4   2.6  8604091710 33.82
  5947.4282    67.8    22.9    -6.5   1.3  8604141017 17.99
  5950.1621    69.9    22.6    -7.2   0.7  8604170353 49.30
  5950.7607    57.0    19.0    -8.8   1.5  8604171816 40.48
  5955.7705    46.2    17.0    -0.7   1.4  8604221829 58.53
  5985.3906   120.5    29.5    -0.6   1.8  8605220922 69.66
  5991.2568    59.6    24.6    -9.0   1.1  8605280610  6.30
  5998.0630    57.6    19.8   -10.3   1.6  8606040131 36.21
  5999.8735    44.8    19.9    -8.5   2.2  8606052058 63.43
  6005.2588    62.5    30.7    -8.6   2.7  8606110612 42.33
  6006.9336     8.3   -36.7     0.0   1.4  8606122224 53.38
  6010.9590   116.7    30.4    -0.5   1.9  8606162302 37.31
  6021.4136    52.3    19.6    -2.5   0.9  8606270955 50.60
  6067.4536    13.7    33.1    -1.4   2.0  8608121054  7.90
  6081.0938    38.1    38.3    -0.7   1.5  8608260216  6.61
  6110.0239    68.9    19.2    -8.6   0.9  8609240034 55.92
  6126.3560    55.7    16.3     0.0   1.4  8610100833 64.56
  6138.7085    57.8    21.1     0.0   1.1  8610221700 42.99
  6145.8789    24.6   -53.0   -12.3   0.6  8610292106 37.84
  6145.8794    24.6   -51.4   -10.0   1.1  8610292107  3.83
  6148.1636    61.0    18.2    -1.9   0.3  8611010355 46.64
